1 0.497737556561086 0.5215802297250262 0.042464323007309436 0.06717716672467804
1 0.6298294465715281 0.751131221719457 0.04281239122868082 0.05081796032022276
1 0.7321615036547163 0.746606334841629 0.05395057431256526 0.042464323007309436
1 0.8036895231465367 0.7001392272885486 0.05012182387747999 0.058127392969021925
1 0.9302123216150365 0.6677688827010094 0.05673512008353637 0.058823529411764705
0 0.8510268012530456 0.6005917159763313 0.06613296206056388 0.06300034806822137
1 0.7229376957883745 0.6547163243995823 0.041072050121823876 0.04524886877828054
1 0.6752523494604943 0.6395753567699269 0.046641141663766095 0.03445875391576749
0 0.4457013574660634 0.8729550991994431 0.05395057431256526 0.055690915419422206
1 0.3294465715280195 0.832579185520362 0.0435085276714236 0.046641141663766095
1 0.2984684998259659 0.7835015663069962 0.04838148277062304 0.046641141663766095
1 0.4336930038287504 0.7956839540549948 0.054994778976679426 0.054994778976679426
1 0.5184476157326836 0.759658893143056 0.05673512008353637 0.04072398190045249
0 0.43351896971806475 0.7379046293073442 0.044204664114166375 0.05777932474765054
0 0.39575356769926906 0.8391924817264184 0.05012182387747999 0.03759136790810999
0 0.6108597285067874 0.9028889662373826 0.04942568743473721 0.061260006961364424
0 0.880438565958928 0.9389140271493213 0.07692307692307693 0.05464671075530804
0 0.8301427079707623 0.9465715280194918 0.07796728158719109 0.06439262095370693
0 0.882701009397842 0.8882701009397842 0.03759136790810999 0.032718412808910545
0 0.9667594848590324 0.9660633484162896 0.059519665854507485 0.05743125652627915
0 0.9509223807866342 0.89975635224504 0.030630003480682212 0.0403759136790811
0 0.8296206056387052 0.7807170205360251 0.03863557257222416 0.04524886877828054
0 0.8802645318482423 0.8002088409328229 0.0403759136790811 0.04594500522102332
0 0.9347372084928646 0.7934215106160808 0.03863557257222416 0.036547163243995824
0 0.9422206752523494 0.838844413505047 0.04455273233553777 0.04872955099199443
1 0.9343891402714932 0.8693003828750435 0.035851026801253044 0.028193525931082493
1 0.8351896971806474 0.46519317786286113 0.05534284719805082 0.05395057431256526
0 0.9571876087713191 0.34336930038287505 0.056387051862164986 0.05743125652627915
1 0.8299686738600766 0.40236686390532544 0.05743125652627915 0.046641141663766095
1 0.8351896971806474 0.27218934911242604 0.04907761921336582 0.04316045945005221
1 0.7591367908109989 0.284719805081796 0.04594500522102332 0.03689523146536721
0 0.7436477549599722 0.37956839540549947 0.05186216498433693 0.05255830142707971
1 0.6910894535328924 0.35294117647058826 0.06091193873999304 0.07518273581621998
0 0.21371388792203272 0.16498433693003828 0.08144796380090498 0.09049773755656108
0 0.2777584406543683 0.25095718760877134 0.04872955099199443 0.054994778976679426
1 0.384963452836756 0.2483466759484859 0.05360250609119387 0.04559693699965193
0 0.4563174382178907 0.30612600069613644 0.042464323007309436 0.036547163243995824
0 0.6014618865297598 0.30908458057779326 0.03967977723633832 0.047337278106508875
0 0.5316742081447964 0.31152105812739295 0.06439262095370693 0.04455273233553777
0 0.5560389836407936 0.43734772015315004 0.07413853115210581 0.05255830142707971
0 0.4470936303515489 0.44013226592412114 0.05186216498433693 0.051166028541594154
0 0.9095022624434389 0.17177166724678036 0.04524886877828054 0.04281239122868082
0 0.9752871562826314 0.17960320222763662 0.04316045945005221 0.04942568743473721
0 0.8602506091193874 0.13731291333101286 0.06369648451096414 0.029585798816568046
0 0.8430212321615037 0.1646362687086669 0.05290636964845109 0.02575704838148277
0 0.8021232161503655 0.1277410372432997 0.049773755656108594 0.05151409676296554
1 0.9277758440654368 0.1334841628959276 0.03376261747302471 0.027497389488339713
1 0.9657152801949183 0.11990950226244344 0.0435085276714236 0.03306648103028194
0 0.9758092586146885 0.07866341802993387 0.03793943612948138 0.03619909502262444
0 0.9032370344587539 0.09693699965193178 0.054994778976679426 0.04559693699965193
0 0.9397841977027498 0.0558649495301079 0.03898364079359554 0.04002784545770971
1 0.8914027149321267 0.025583014270797077 0.04316045945005221 0.051166028541594154
1 0.8386703793943613 0.026801253045596937 0.04142011834319527 0.04942568743473721
0 0.7184128089105465 0.1428820048729551 0.07030978071702054 0.03793943612948138
0 0.6533240515140968 0.22450400278454577 0.05012182387747999 0.05708318830490776
0 0.6129481378350157 0.09885137486947441 0.04872955099199443 0.05708318830490776
0 0.627567003132614 0.17211973546815176 0.06056387051862165 0.05255830142707971
0 0.5838844413505047 0.24765053950574312 0.05603898364079359 0.044204664114166375
0 0.47737556561085975 0.1428820048729551 0.04142011834319527 0.05673512008353637
0 0.43247476505395055 0.14357814131569788 0.044900800556909155 0.04142011834319527
1 0.47372084928646013 0.08284023668639054 0.05012182387747999 0.05917159763313609
0 0.4347372084928646 0.06769926905673512 0.03967977723633832 0.051166028541594154
1 0.7455621301775148 0.5901496693351898 0.05012182387747999 0.059519665854507485
0 0.7419074138531152 0.4973894883397146 0.0650887573964497 0.07239819004524888
0 0.6383571179951271 0.6026801253045597 0.05708318830490776 0.06021580229725026
1 0.6623738252697529 0.7069265576052907 0.05917159763313609 0.04594500522102332
0 0.5492516533240515 0.7161503654716325 0.05777932474765054 0.049773755656108594
0 0.5736164288200487 0.6700313261399234 0.056387051862164986 0.05012182387747999
1 0.49216846501914374 0.6641141663766098 0.05708318830490776 0.055690915419422206
0 0.7373825269752872 0.9013226592412112 0.06160807518273582 0.07622694048033414
0 0.7547859380438566 0.9777236338322312 0.06021580229725026 0.042464323007309436
0 0.8414549251653324 0.34946049425687437 0.04281239122868082 0.04316045945005221
0 0.7706230421162548 0.3193525931082492 0.03967977723633832 0.03933170901496694
0 0.8863557257222415 0.24817264183780022 0.03376261747302471 0.03480682213713888
0 0.9195962408632092 0.25635224504002785 0.024364775495997214 0.0435085276714236
0 0.8847894187260703 0.2883745214061956 0.030630003480682212 0.02262443438914027
0 0.8780020884093283 0.307518273581622 0.020536025060911938 0.021928297946397494
0 0.8471980508179603 0.3069961712495649 0.04385659589279499 0.03619909502262444
0 0.4157674904281239 0.2020536025060912 0.04907761921336582 0.04907761921336582
0 0.3651235642185868 0.19161155586494952 0.03132613992342499 0.05325443786982249
0 0.41472328576400974 0.2657500870170553 0.030978071702053602 0.05603898364079359
1 0.3383223111729899 0.5560389836407936 0.05917159763313609 0.051166028541594154
0 0.3158719108945353 0.6585450748346676 0.06578489383919248 0.05012182387747999
0 0.22084928646014618 0.6160807518273581 0.06717716672467804 0.04524886877828054
0 0.22224155934563175 0.5685694396101636 0.06300034806822137 0.05395057431256526
1 0.16272189349112426 0.5189697180647407 0.050469892098851374 0.05777932474765054
1 0.22885485555168814 0.45666550643926207 0.05325443786982249 0.047337278106508875
1 0.13557257222415595 0.44935607379046294 0.049773755656108594 0.041768186564566656
1 0.13069961712495648 0.3914027149321267 0.05673512008353637 0.051166028541594154
1 0.1832579185520362 0.40236686390532544 0.04002784545770971 0.04524886877828054
0 0.2575704838148277 0.40306300034806825 0.061260006961364424 0.06334841628959276
0 0.179951270449008 0.3485903237034459 0.04455273233553777 0.058823529411764705
0 0.23407587887225897 0.31761225200139226 0.05743125652627915 0.05255830142707971
0 0.04124608423250957 0.3270100939784198 0.06160807518273582 0.04768534632788026
0 0.02854159415245388 0.3752175426383571 0.05708318830490776 0.06543682561782109
0 0.02575704838148277 0.4469195962408632 0.047337278106508875 0.05360250609119387
0 0.09693699965193178 0.481204316045945 0.04072398190045249 0.04768534632788026
0 0.08127392969021928 0.5696136442742777 0.11033762617473025 0.09850330664810303
0 0.14531848242255482 0.7594848590323704 0.04142011834319527 0.05012182387747999
0 0.06822137138879221 0.7147580925861469 0.04385659589279499 0.0435085276714236
0 0.14201183431952663 0.7102332057083188 0.05081796032022276 0.04838148277062304
0 0.02453880960668291 0.7029237730595197 0.04559693699965193 0.051166028541594154
1 0.05081796032022276 0.7720153150017404 0.048033414549251655 0.0403759136790811
1 0.16863905325443787 0.832057083188305 0.05603898364079359 0.05603898364079359
1 0.022102332057083188 0.9121127741037244 0.03933170901496694 0.07413853115210581
1 0.14340410720501218 0.9803341454925165 0.05360250609119387 0.03933170901496694
1 0.07083188304907762 0.8144796380090498 0.04838148277062304 0.041072050121823876
0 0.02384267316394013 0.8129133310128785 0.04768534632788026 0.05673512008353637
0 0.36233901844761573 0.880438565958928 0.05290636964845109 0.07274625826662026
0 0.24399582318134355 0.7885485555168813 0.07239819004524888 0.06648103028193526
0 0.359902540898016 0.9867734075878872 0.054994778976679426 0.026453184824225547
0 0.18830490776192133 0.9298642533936652 0.055690915419422206 0.04838148277062304
0 0.19944309084580578 0.9671075530804037 0.055690915419422206 0.04072398190045249
1 0.2554820744865994 0.6959624086320919 0.056387051862164986 0.05186216498433693
0 0.38357117995127044 0.6712495649147233 0.056387051862164986 0.06439262095370693
0 0.3914027149321267 0.5221023320570832 0.06996171249564914 0.06752523494604942
0 0.30630003480682216 0.4857292029237731 0.06543682561782109 0.07622694048033414
0 0.3532892446919596 0.34232509571876085 0.06474068917507832 0.0991994430908458
0 0.04942568743473721 0.20135746606334842 0.06404455273233554 0.06091193873999304
0 0.12304211625478594 0.0683954054994779 0.05603898364079359 0.06160807518273582
0 0.0527323355377654 0.023320570831883047 0.07622694048033414 0.046641141663766095
0 0.24782457361642882 0.03184824225548207 0.04942568743473721 0.04211625478593804
0 0.2897667942916812 0.09606682909850331 0.05603898364079359 0.04872955099199443
0 0.35920640445527324 0.06230421162547859 0.05429864253393665 0.032718412808910545
0 0.35311521058127393 0.019143752175426385 0.05325443786982249 0.026453184824225547
0 0.19404803341454926 0.01618517229376958 0.06021580229725026 0.03237034458753916
