1 0.49164636268708667 0.3089770354906054 0.04629307344239471 0.04592901878914405
1 0.6112077967281587 0.3169798190675017 0.05221023320570832 0.04662491301322199
0 0.564914723285764 0.27592205984690327 0.054994778976679426 0.055671537926235214
0 0.6192133658197007 0.2687891440501044 0.04385659589279499 0.058107167710508
0 0.6239122868082144 0.4003131524008351 0.05186216498433693 0.05393180236604036
0 0.517055342847198 0.43354210160055673 0.05464671075530804 0.05010438413361169
1 0.5650887573964497 0.5177453027139874 0.04907761921336582 0.059846903270702856
1 0.6366167768882701 0.5628044537230341 0.06682909850330665 0.055323590814196244
1 0.6663766098155238 0.49599860821155184 0.07553080403759137 0.06993736951983298
0 0.7349460494256874 0.5092205984690327 0.05673512008353637 0.055323590814196244
1 0.8304907761921336 0.5167014613778705 0.05151409676296554 0.06471816283924843
0 0.8625130525583015 0.4733820459290188 0.04455273233553777 0.038622129436325675
1 0.960146188652976 0.4904314544189283 0.06439262095370693 0.05741127348643006
1 0.9537069265576053 0.5628044537230341 0.061260006961364424 0.0476687543493389
0 0.8865297598329273 0.5288796102992345 0.05151409676296554 0.04523312456506611
1 0.8612948137835016 0.5621085594989561 0.04838148277062304 0.0441892832289492
1 0.8444135050469892 0.5862908837856646 0.04385659589279499 0.04384133611691023
1 0.10616080751827359 0.7082463465553236 0.03898364079359554 0.05880306193458594
0 0.2558301427079708 0.6450939457202505 0.05777932474765054 0.06889352818371608
0 0.29725026105116603 0.6123869171885873 0.06334841628959276 0.061238691718858734
1 0.35276714235990253 0.6216075156576201 0.04002784545770971 0.04836464857341684
1 0.25983292725374174 0.7421711899791231 0.035851026801253044 0.04314544189283229
0 0.23442394709363035 0.7200765483646486 0.04629307344239471 0.0476687543493389
1 0.259658893143056 0.3408141962421712 0.05151409676296554 0.05254001391788448
1 0.30960668290985033 0.30654140570633265 0.07274625826662026 0.060542797494780795
1 0.13522450400278455 0.2673973556019485 0.04002784545770971 0.05254001391788448
1 0.15941524538809607 0.2056367432150313 0.07100591715976332 0.061238691718858734
1 0.29359554472676647 0.2056367432150313 0.049773755656108594 0.05358385525400139
1 0.4002784545770971 0.2242519137091162 0.061260006961364424 0.0650661099512874
1 0.41193873999303865 0.39022268615170497 0.05534284719805082 0.060194850382741825
1 0.4237730595196659 0.45041753653444677 0.05603898364079359 0.05323590814196242
0 0.4105464671075531 0.494606819763396 0.04559693699965193 0.038622129436325675
0 0.4961712495649147 0.5431454418928323 0.05673512008353637 0.05219206680584551
1 0.48016011138183085 0.6169102296450939 0.06648103028193526 0.061238691718858734
1 0.5332405151409676 0.6511830201809325 0.047337278106508875 0.04140570633263744
1 0.5348068221371389 0.5899443284620738 0.05603898364079359 0.04210160055671538
1 0.5348068221371389 0.20546276965901183 0.051166028541594154 0.05880306193458594
0 0.6303515489035851 0.17832289491997216 0.061260006961364424 0.06228253305497564
1 0.5154890358510268 0.11812804453723035 0.05847546119039332 0.04697286012526096
1 0.5713539853811347 0.09133611691022965 0.04768534632788026 0.05880306193458594
1 0.42725374173337977 0.133785664578984 0.05534284719805082 0.04836464857341684
1 0.44744169857292027 0.0360125260960334 0.044204664114166375 0.054627696590118305
0 0.4065436825617821 0.04523312456506611 0.04942568743473721 0.04801670146137787
0 0.38043856595892794 0.08124565066109951 0.042464323007309436 0.04349338900487126
0 0.3454577097111034 0.10142658315935978 0.044204664114166375 0.04975643702157272
1 0.3317090149669335 0.013917884481558803 0.055690915419422206 0.027835768963117607
1 0.24121127741037243 0.02487821851078636 0.055690915419422206 0.04975643702157272
1 0.17647058823529413 0.03583855254001392 0.0403759136790811 0.04732080723729993
0 0.14879916463626872 0.12717466945024355 0.07901148625130526 0.06437021572720947
1 0.102506091193874 0.1534446764091858 0.05603898364079359 0.04384133611691023
0 0.08875739644970414 0.04697286012526096 0.05360250609119387 0.038274182324286705
0 0.03306648103028194 0.02487821851078636 0.06056387051862165 0.04975643702157272
1 0.04455273233553777 0.110473208072373 0.047337278106508875 0.04488517745302714
0 0.07431256526279151 0.325678496868476 0.04142011834319527 0.04244954766875435
0 0.11364427427775844 0.3903966597077244 0.04559693699965193 0.04801670146137787
1 0.06404455273233554 0.43910925539318024 0.048033414549251655 0.04662491301322199
0 0.11851722937695788 0.4580723729993041 0.051166028541594154 0.054627696590118305
0 0.2081447963800905 0.5045233124565066 0.061956143404107204 0.05775922059846903
0 0.23703445875391577 0.4625956854558107 0.06056387051862165 0.05045233124565066
0 0.28454577097111033 0.4933890048712596 0.04281239122868082 0.04314544189283229
0 0.3230073094326488 0.4257132915796799 0.05429864253393665 0.05393180236604036
0 0.37191089453532894 0.5424495476687543 0.051166028541594154 0.061934585942936674
0 0.10685694396101636 0.5661099512874043 0.061260006961364424 0.059846903270702856
0 0.1646362687086669 0.6116910229645094 0.061956143404107204 0.055671537926235214
0 0.0403759136790811 0.6593597773138483 0.061260006961364424 0.05080027835768963
0 0.12826313957535676 0.7914057063326374 0.04768534632788026 0.05323590814196242
0 0.22084928646014618 0.802713987473904 0.04559693699965193 0.04592901878914405
0 0.13174382178907065 0.8561238691718859 0.049773755656108594 0.04279749478079332
1 0.1028541594152454 0.9156228253305497 0.04768534632788026 0.05880306193458594
0 0.32370344587539157 0.9001391788448155 0.07239819004524888 0.059846903270702856
0 0.04281239122868082 0.9545929018789144 0.06404455273233554 0.07967988865692414
0 0.3381482770623042 0.7298190675017397 0.04698920988513749 0.06715379262352122
0 0.29098503306648105 0.7275574112734864 0.03689523146536721 0.027139874739039668
0 0.3442394709363035 0.7919276270006959 0.04385659589279499 0.05358385525400139
0 0.3000348068221371 0.7653096729297146 0.04872955099199443 0.04697286012526096
0 0.3501566306996171 0.6758872651356994 0.04316045945005221 0.04975643702157272
0 0.4850330664810303 0.7221642310368824 0.04142011834319527 0.060890744606819765
1 0.5177514792899408 0.7990605427974948 0.05325443786982249 0.04627696590118302
0 0.8833971458405847 0.6235212247738344 0.04594500522102332 0.04384133611691023
0 0.8252697528715628 0.639874739039666 0.047337278106508875 0.04662491301322199
0 0.7803689523146536 0.6524008350730689 0.03898364079359554 0.038274182324286705
0 0.7760180995475113 0.6057759220598469 0.05464671075530804 0.05010438413361169
0 0.842847198050818 0.43997912317327764 0.04907761921336582 0.04558107167710508
1 0.8186564566655065 0.3930062630480167 0.06543682561782109 0.06645789839944329
0 0.9352593108249216 0.3860473208072373 0.05360250609119387 0.0511482254697286
1 0.9879916463626871 0.35803757828810023 0.024016707274625827 0.04384133611691023
0 0.9707622694048034 0.3321155184411969 0.042464323007309436 0.04210160055671538
0 0.9225548207448659 0.3467292971468337 0.05186216498433693 0.0407098121085595
0 0.9684998259658893 0.2627000695894224 0.04211625478593804 0.037578288100208766
1 0.8628611207796728 0.29140570633263746 0.05708318830490776 0.0511482254697286
1 0.7928994082840237 0.30532359081419624 0.05708318830490776 0.05254001391788448
0 0.9234249912982945 0.2720946416144746 0.07170205360250609 0.05080027835768963
1 0.842847198050818 0.2407794015309673 0.04838148277062304 0.04662491301322199
0 0.8094326487991647 0.19711203897007654 0.05673512008353637 0.06297842727905359
0 0.8905325443786982 0.16562282533054976 0.06369648451096414 0.05915100904662491
0 0.9096762965541246 0.11012526096033402 0.05325443786982249 0.04975643702157272
0 0.9723285764009746 0.09377174669450243 0.05395057431256526 0.055323590814196244
1 0.8240515140967629 0.038274182324286705 0.059519665854507485 0.05149617258176757
0 0.768186564566655 0.11151704940848992 0.07657500870170554 0.06576200417536535
1 0.7337278106508875 0.027139874739039668 0.05221023320570832 0.054279749478079335
0 0.6968325791855203 0.17153792623521225 0.06404455273233554 0.049408489909533754
0 0.7210233205708318 0.2520876826722338 0.05534284719805082 0.055323590814196244
0 0.7104072398190046 0.33803061934585943 0.06404455273233554 0.05601948503827418
0 0.7152801949182039 0.3940501043841336 0.07379046293073442 0.05741127348643006
0 0.4048033414549252 0.3383785664578984 0.06404455273233554 0.05601948503827418
0 0.5617821092934215 0.37125956854558106 0.06543682561782109 0.06402226861517049
0 0.4469195962408632 0.8679540709812108 0.07657500870170554 0.07272094641614475
0 0.3860076575008702 0.8801322199025748 0.03550295857988166 0.04627696590118302
0 0.36146884789418726 0.843945720250522 0.04142011834319527 0.04279749478079332
1 0.8240515140967629 0.8757828810020877 0.0804037591367908 0.06263048016701461
0 0.8994082840236687 0.9344119693806542 0.04872955099199443 0.05323590814196242
0 0.8402366863905325 0.9211899791231732 0.042464323007309436 0.04349338900487126
0 0.7955099199443091 0.9218858733472513 0.04698920988513749 0.04349338900487126
1 0.7361642882004873 0.964509394572025 0.07030978071702054 0.061934585942936674
1 0.6935259310824922 0.9309324982602645 0.04838148277062304 0.04140570633263744
0 0.7248520710059172 0.8830897703549061 0.05743125652627915 0.05358385525400139
0 0.7901148625130525 0.8208072372999304 0.04872955099199443 0.04105775922059847
1 0.8261399234249913 0.7891440501043842 0.03445875391576749 0.05288796102992345
0 0.7638357117995127 0.7771398747390397 0.05255830142707971 0.05671537926235212
1 0.6096414897319875 0.8870911621433543 0.04072398190045249 0.04558107167710508
0 0.5596936999651931 0.8759568545581071 0.061260006961364424 0.060890744606819765
0 0.5273233553776541 0.9217118997912317 0.03619909502262444 0.05149617258176757
0 0.5003480682213713 0.9100556715379262 0.03793943612948138 0.038622129436325675
1 0.48642533936651583 0.9384133611691023 0.04142011834319527 0.04592901878914405
0 0.19979115906717718 0.9692066805845512 0.056387051862164986 0.0476687543493389
0 0.19387399930386356 0.8872651356993737 0.05081796032022276 0.04732080723729993
1 0.8846153846153846 0.760786360473208 0.050469892098851374 0.04349338900487126
0 0.9636268708666899 0.6731036882393876 0.06230421162547859 0.06437021572720947
0 0.8957535676992691 0.6812804453723034 0.05673512008353637 0.03479471120389701
0 0.8694744169857292 0.704070981210856 0.05012182387747999 0.03653444676409186
0 0.24312565262791508 0.1720598469032707 0.0838844413505047 0.0942936673625609
