1 0.13766098155238427 0.15750087017055342 0.05255830142707971 0.05255830142707971
0 0.30368952314653674 0.1823877479986077 0.06160807518273582 0.07379046293073442
0 0.38322311172989904 0.08614688478941873 0.06891750783153498 0.07205012182387747
0 0.46484510964148973 0.0558649495301079 0.050469892098851374 0.058127392969021925
0 0.48677340758788723 0.01148625130525583 0.044900800556909155 0.01949182039679777
0 0.4902540898016011 0.14723285764009747 0.10059171597633136 0.08284023668639054
0 0.6312217194570136 0.12948137835015663 0.051166028541594154 0.04942568743473721
0 0.7398190045248869 0.11764705882352941 0.0650887573964497 0.06613296206056388
0 0.8249216846501914 0.07657500870170554 0.06265227984684998 0.05777932474765054
0 0.8675600417681866 0.1146884789418726 0.03863557257222416 0.051166028541594154
0 0.9824225548207449 0.06804733727810651 0.03445875391576749 0.06717716672467804
0 0.9316045945005221 0.1300034806822137 0.05464671075530804 0.059519665854507485
0 0.8860076575008702 0.1679429168116951 0.050469892098851374 0.03933170901496694
0 0.9056735120083537 0.20414201183431951 0.05708318830490776 0.04559693699965193
0 0.7727114514444832 0.2326836059867734 0.055690915419422206 0.04629307344239471
1 0.8197006613296206 0.3113470240167073 0.04942568743473721 0.051166028541594154
0 0.6487991646362687 0.20153150017403412 0.0807518273581622 0.06822137138879221
0 0.5400278454577098 0.23564218586843022 0.09084580577793247 0.08562478245736165
0 0.46554124608423253 0.26018099547511314 0.051166028541594154 0.06926557605290637
0 0.5214061956143404 0.3226592412112774 0.046641141663766095 0.046641141663766095
0 0.236338322311173 0.3384963452836756 0.05917159763313609 0.06648103028193526
0 0.08301427079707623 0.3555516881308737 0.06091193873999304 0.06160807518273582
0 0.18847894187260703 0.4220327184128089 0.06160807518273582 0.0685694396101636
0 0.10703097807170206 0.5080055690915419 0.06787330316742081 0.058127392969021925
1 0.2166724678036895 0.5294117647058824 0.05464671075530804 0.05221023320570832
0 0.28680821441002435 0.4695440306300035 0.05081796032022276 0.04872955099199443
1 0.33797424295161854 0.5259310824921685 0.05012182387747999 0.05429864253393665
1 0.24277758440654368 0.5805777932474765 0.058823529411764705 0.048033414549251655
1 0.48607727114514443 0.5160111381830839 0.058127392969021925 0.05395057431256526
1 0.44813783501566307 0.5765750087017055 0.05325443786982249 0.04698920988513749
0 0.5142707970762269 0.5656108597285068 0.04281239122868082 0.042464323007309436
1 0.4973894883397146 0.6310476853463279 0.06474068917507832 0.06404455273233554
1 0.6113818308388445 0.5132265924121128 0.051166028541594154 0.05534284719805082
1 0.5823181343543334 0.4756352245040028 0.034110685694396105 0.04768534632788026
1 0.619561434041072 0.6162547859380438 0.06543682561782109 0.05673512008353637
0 0.7166724678036895 0.6451444483118691 0.04594500522102332 0.03793943612948138
1 0.7673163940132266 0.6608075182735816 0.04838148277062304 0.04629307344239471
0 0.7044900800556909 0.7222415593456317 0.055690915419422206 0.05360250609119387
0 0.8150017403411068 0.6764705882352942 0.04698920988513749 0.044900800556909155
0 0.878698224852071 0.6961364427427776 0.04768534632788026 0.055690915419422206
1 0.8324051514096763 0.7210233205708318 0.044204664114166375 0.036547163243995824
0 0.84963452836756 0.5856247824573616 0.06265227984684998 0.0713539853811347
0 0.9363035154890359 0.5605638705186217 0.04455273233553777 0.05325443786982249
0 0.9613644274277758 0.47354681517577446 0.046641141663766095 0.04838148277062304
0 0.8284023668639053 0.43978419770274974 0.07796728158719109 0.05603898364079359
0 0.768186564566655 0.47354681517577446 0.041072050121823876 0.05186216498433693
0 0.7102332057083188 0.3853115210581274 0.0435085276714236 0.04942568743473721
0 0.6569787678384963 0.3224852071005917 0.05255830142707971 0.05603898364079359
0 0.5840584754611904 0.4048033414549252 0.047337278106508875 0.06056387051862165
0 0.3501566306996171 0.6444483118691263 0.05012182387747999 0.04142011834319527
0 0.38809606682909853 0.6844761573268361 0.041768186564566656 0.050469892098851374
0 0.36494953010790115 0.73807866341803 0.058823529411764705 0.06300034806822137
0 0.472676644622346 0.7229376957883745 0.046641141663766095 0.05081796032022276
1 0.5635224504002785 0.7178907065784894 0.046641141663766095 0.050469892098851374
0 0.5494256874347372 0.7908109989557953 0.04559693699965193 0.04942568743473721
0 0.44274277758440655 0.7944657152801949 0.041072050121823876 0.04838148277062304
0 0.38391924817264184 0.8872258962756701 0.05290636964845109 0.07170205360250609
0 0.4622345979812043 0.9667594848590324 0.048033414549251655 0.06160807518273582
1 0.21841280891054646 0.8846153846153846 0.03515489035851027 0.04838148277062304
1 0.3230073094326488 0.9886877828054299 0.03898364079359554 0.02262443438914027
0 0.17577445179255133 0.7474765053950574 0.061956143404107204 0.051166028541594154
0 0.26870866689871215 0.735816219979116 0.06682909850330665 0.05221023320570832
0 0.022276366167768884 0.7871562826313957 0.04385659589279499 0.06160807518273582
1 0.043682561782109296 0.9684998259658893 0.05743125652627915 0.058127392969021925
0 0.9634528367560041 0.6930038287504351 0.041768186564566656 0.05429864253393665
0 0.9121127741037244 0.7848938391924817 0.04211625478593804 0.047337278106508875
0 0.9665854507483467 0.842847198050818 0.04942568743473721 0.04559693699965193
0 0.8605986773407588 0.7843717368604246 0.04629307344239471 0.05534284719805082
0 0.8165680473372781 0.8776540201879568 0.04872955099199443 0.044204664114166375
1 0.9799860772711452 0.9429168116950922 0.037243299686738604 0.04594500522102332
0 0.9425687434737209 0.9289940828402367 0.03202227636616777 0.041072050121823876
0 0.9112426035502958 0.966933518969718 0.05151409676296554 0.05151409676296554
0 0.734075878872259 0.9479638009049773 0.03967977723633832 0.06091193873999304
0 0.9726766446223459 0.13853115210581274 0.05186216498433693 0.055690915419422206
1 0.0217542638357118 0.03602506091193874 0.0435085276714236 0.07205012182387747
