1 0.5810998955795336 0.1827358162199791 0.04907761921336582 0.06543682561782109
1 0.5200139227288548 0.13452836756004177 0.06334841628959276 0.06300034806822137
0 0.5598677340758789 0.08910546467107554 0.06160807518273582 0.04942568743473721
0 0.48677340758788723 0.06769926905673512 0.051166028541594154 0.04907761921336582
0 0.40497737556561086 0.154890358510268 0.0650887573964497 0.06265227984684998
0 0.37347720153150016 0.10128785241907413 0.061260006961364424 0.041072050121823876
1 0.30647406891750784 0.051166028541594154 0.08597285067873303 0.061956143404107204
1 0.18813087365123565 0.10720501218238775 0.07553080403759137 0.05290636964845109
1 0.27218934911242604 0.21980508179603203 0.06891750783153498 0.04281239122868082
1 0.06996171249564914 0.11416637660981552 0.04872955099199443 0.054994778976679426
1 0.0838844413505047 0.25826662025757047 0.05012182387747999 0.05986773407587887
0 0.18482422554820746 0.19822485207100593 0.03619909502262444 0.051166028541594154
0 0.1896971806474069 0.25878872258962754 0.04455273233553777 0.04907761921336582
0 0.07657500870170554 0.3498085624782457 0.05708318830490776 0.04385659589279499
1 0.16515837104072398 0.42238078663418027 0.05534284719805082 0.04211625478593804
0 0.09571876087713192 0.45318482422554823 0.054994778976679426 0.046641141663766095
1 0.2883745214061956 0.37469544030630003 0.04142011834319527 0.04768534632788026
0 0.26940480334145495 0.441350504698921 0.05221023320570832 0.04942568743473721
0 0.08736512356421859 0.539853811347024 0.042464323007309436 0.05081796032022276
0 0.11642882004872955 0.583188304907762 0.04072398190045249 0.04072398190045249
0 0.2199791159067177 0.5788374521406195 0.04385659589279499 0.04385659589279499
0 0.16655064392620952 0.6308736512356422 0.03237034458753916 0.03376261747302471
0 0.1209537069265576 0.6268708666898712 0.03933170901496694 0.03689523146536721
0 0.056909154194222066 0.6317438217890706 0.04142011834319527 0.03480682213713888
0 0.01775147928994083 0.6648103028193526 0.03480682213713888 0.05221023320570832
0 0.13261399234249913 0.6703793943612948 0.06682909850330665 0.048033414549251655
0 0.21371388792203272 0.661155586494953 0.03759136790810999 0.0435085276714236
0 0.27514792899408286 0.6390532544378699 0.049773755656108594 0.04872955099199443
0 0.26331360946745563 0.6848242255482074 0.04281239122868082 0.044900800556909155
1 0.13191785589975635 0.7142359902540898 0.05221023320570832 0.041072050121823876
1 0.008179603202227636 0.7215454229028889 0.016359206404455272 0.0403759136790811
1 0.059519665854507485 0.7655760529063697 0.042464323007309436 0.04629307344239471
0 0.08753915767490428 0.8806126000696136 0.05255830142707971 0.05429864253393665
1 0.12948137835015663 0.8985381134702402 0.041072050121823876 0.04142011834319527
1 0.17873303167420815 0.8828750435085276 0.05603898364079359 0.058823529411764705
1 0.09745910198398886 0.9841628959276018 0.05012182387747999 0.030978071702053602
0 0.3082144100243648 0.9030630003480682 0.04907761921336582 0.04768534632788026
1 0.38391924817264184 0.9651931778628611 0.042464323007309436 0.05081796032022276
1 0.4973894883397146 0.9434389140271493 0.05708318830490776 0.05534284719805082
0 0.5946745562130178 0.9604942568743474 0.06091193873999304 0.051166028541594154
1 0.5542986425339367 0.8736512356421858 0.05395057431256526 0.047337278106508875
0 0.6447963800904978 0.906021580229725 0.037243299686738604 0.046641141663766095
0 0.6675948485903237 0.953880960668291 0.03828750435085277 0.03863557257222416
0 0.7518273581621998 0.9733727810650887 0.03550295857988166 0.04211625478593804
0 0.7234597981204316 0.9347372084928646 0.05534284719805082 0.04768534632788026
0 0.8882701009397842 0.9380438565958928 0.04316045945005221 0.054994778976679426
0 0.8306648103028194 0.8693003828750435 0.04768534632788026 0.03445875391576749
0 0.89975635224504 0.8524190741385311 0.04594500522102332 0.03689523146536721
0 0.7213713887922033 0.7845457709711103 0.07065784893839193 0.10372432996867385
0 0.631569787678385 0.8181343543334494 0.04072398190045249 0.04072398190045249
0 0.5274973894883397 0.7499129829446571 0.07970762269404803 0.06996171249564914
0 0.5168813087365124 0.6895231465367212 0.054994778976679426 0.055690915419422206
1 0.44309084580577796 0.757396449704142 0.04455273233553777 0.04385659589279499
0 0.47476505395057433 0.8221371388792204 0.047337278106508875 0.03759136790810999
0 0.4263835711799513 0.8414549251653324 0.05012182387747999 0.05395057431256526
1 0.3517229376957884 0.7962060563870519 0.04629307344239471 0.04559693699965193
0 0.2664462234597981 0.7956839540549948 0.06160807518273582 0.05290636964845109
0 0.41472328576400974 0.6447963800904978 0.06021580229725026 0.05325443786982249
1 0.47337278106508873 0.6247824573616428 0.054994778976679426 0.05360250609119387
0 0.33988861816916116 0.6329620605638705 0.037243299686738604 0.03515489035851027
1 0.307518273581622 0.5570831883049078 0.050469892098851374 0.03793943612948138
0 0.40080055690915417 0.565436825617821 0.04768534632788026 0.03515489035851027
0 0.38043856595892794 0.5264531848242255 0.04455273233553777 0.05464671075530804
0 0.3322311172989906 0.5146188652975984 0.03515489035851027 0.04211625478593804
0 0.29690219282979463 0.49599721545422903 0.05847546119039332 0.05221023320570832
1 0.4470936303515489 0.47737556561085975 0.04629307344239471 0.051166028541594154
0 0.5321963104768535 0.5076575008701706 0.061260006961364424 0.04838148277062304
0 0.6204316045945005 0.5784893839192482 0.0435085276714236 0.05360250609119387
0 0.5805777932474765 0.6561085972850679 0.055690915419422206 0.046641141663766095
1 0.648625130525583 0.6639401322659241 0.050469892098851374 0.05325443786982249
0 0.7030978071702053 0.6021580229725026 0.04524886877828054 0.05360250609119387
0 0.6822137138879221 0.5327184128089105 0.04316045945005221 0.03863557257222416
0 0.6451444483118691 0.5200139227288548 0.04559693699965193 0.03898364079359554
0 0.7365123564218586 0.5034806822137139 0.03689523146536721 0.03445875391576749
0 0.6747302471284372 0.46554124608423253 0.05603898364079359 0.036547163243995824
1 0.7406891750783153 0.46014618865297596 0.04942568743473721 0.03898364079359554
0 0.8066481030281936 0.4756352245040028 0.03445875391576749 0.03863557257222416
0 0.6562826313957536 0.4298642533936652 0.06648103028193526 0.04316045945005221
0 0.7305951966585451 0.3980160111381831 0.04872955099199443 0.037243299686738604
0 0.5920640445527323 0.4234249912982945 0.04455273233553777 0.04907761921336582
1 0.6414897319874695 0.39035851026801255 0.04872955099199443 0.03793943612948138
0 0.5884093282283328 0.35502958579881655 0.037243299686738604 0.0403759136790811
1 0.5093978419770275 0.37539157674904283 0.04211625478593804 0.05255830142707971
0 0.5998955795335886 0.29916463626870865 0.03376261747302471 0.049773755656108594
0 0.6721197354681517 0.2542638357117995 0.06961364427427776 0.07692307692307693
0 0.6769926905673512 0.2053602506091194 0.047337278106508875 0.041072050121823876
0 0.7808910546467107 0.25217542638357116 0.044204664114166375 0.04629307344239471
0 0.7781065088757396 0.1768186564566655 0.08945353289244692 0.11277410372432997
0 0.6796032022276366 0.10685694396101636 0.036547163243995824 0.032718412808910545
0 0.7335537765402019 0.06369648451096414 0.05534284719805082 0.05360250609119387
0 0.6585450748346676 0.07065784893839193 0.047337278106508875 0.04594500522102332
0 0.644622345979812 0.018273581621997912 0.03480682213713888 0.03306648103028194
0 0.5767490428123913 0.05743125652627915 0.05081796032022276 0.04594500522102332
0 0.4688478941872607 0.24695440306300034 0.05290636964845109 0.05464671075530804
0 0.41750783153498083 0.3085624782457362 0.05255830142707971 0.03863557257222416
0 0.36773407587887225 0.3445875391576749 0.044204664114166375 0.05012182387747999
0 0.4383919248172642 0.4206404455273234 0.04629307344239471 0.04211625478593804
0 0.8068221371388792 0.6576749042812391 0.05986773407587887 0.04768534632788026
0 0.9025408980160111 0.6936999651931779 0.04942568743473721 0.0403759136790811
1 0.9900800556909154 0.690219282979464 0.01983988861816916 0.030630003480682212
0 0.8903585102680125 0.5502958579881657 0.05777932474765054 0.05917159763313609
0 0.8903585102680125 0.4587539157674904 0.054994778976679426 0.05012182387747999
1 0.9074138531152106 0.4136790810998956 0.047337278106508875 0.03863557257222416
0 0.8381482770623042 0.3720849286460146 0.03759136790810999 0.03898364079359554
0 0.8116950922380787 0.34615384615384615 0.03828750435085277 0.04629307344239471
0 0.796728158719109 0.41385311521058127 0.08562478245736165 0.07866341802993387
0 0.9321266968325792 0.3054298642533937 0.04594500522102332 0.04559693699965193
0 0.8995823181343543 0.20135746606334842 0.06091193873999304 0.06578489383919248
0 0.9798120431604594 0.12182387747998608 0.03132613992342499 0.048033414549251655
0 0.9199443090845806 0.10685694396101636 0.04942568743473721 0.05081796032022276
0 0.843369300382875 0.10442046641141664 0.05986773407587887 0.04872955099199443
1 0.8602506091193874 0.06282631395753567 0.06091193873999304 0.0435085276714236
0 0.9347372084928646 0.0435085276714236 0.04142011834319527 0.04524886877828054
0 0.886703793943613 0.03828750435085277 0.04072398190045249 0.030630003480682212
