0 0.05255830142707971 0.077445179255134 0.09049773755656108 0.09223807866341803
0 0.0342847198050818 0.14375217542638358 0.05325443786982249 0.047337278106508875
1 0.12634876435781414 0.09798120431604594 0.054994778976679426 0.04211625478593804
0 0.1460146188652976 0.0464671075530804 0.04698920988513749 0.04698920988513749
1 0.19909502262443438 0.029411764705882353 0.05290636964845109 0.05395057431256526
0 0.20988513748694745 0.1056387051862165 0.07587887225896275 0.06578489383919248
0 0.2727114514444831 0.04942568743473721 0.05603898364079359 0.04385659589279499
1 0.3329272537417334 0.07657500870170554 0.06300034806822137 0.05708318830490776
1 0.7255482074486599 0.32387747998607724 0.05395057431256526 0.04211625478593804
0 0.41420118343195267 0.02610511660285416 0.047337278106508875 0.04942568743473721
0 0.47493908806126 0.064914723285764 0.06300034806822137 0.05603898364079359
0 0.5450748346675949 0.059519665854507485 0.042464323007309436 0.04872955099199443
0 0.6207796728158719 0.03793943612948138 0.05534284719805082 0.05081796032022276
0 0.44744169857292027 0.11921336581970066 0.058823529411764705 0.058823529411764705
1 0.5623042116254786 0.161155586494953 0.051166028541594154 0.03967977723633832
1 0.6272189349112426 0.12843717368604246 0.05290636964845109 0.04872955099199443
0 0.7276366167768883 0.03967977723633832 0.06230421162547859 0.06265227984684998
0 0.8346675948485903 0.02767142359902541 0.08492864601461887 0.05395057431256526
0 0.9338670379394362 0.028367560041768186 0.06474068917507832 0.049773755656108594
1 0.91228680821441 0.17055342847198052 0.04316045945005221 0.03967977723633832
0 0.8409328228332753 0.22293769578837452 0.04942568743473721 0.06230421162547859
0 0.7131917855899756 0.13435433344935607 0.08980160111381831 0.07448659937347721
0 0.6710755308040376 0.20623042116254786 0.048033414549251655 0.04907761921336582
0 0.5870170553428472 0.24382178907065785 0.0713539853811347 0.07274625826662026
0 0.5008701705534284 0.2166724678036895 0.05917159763313609 0.06021580229725026
0 0.44169857292029235 0.1773407587887226 0.04872955099199443 0.05325443786982249
0 0.4930386355725722 0.2857640097459102 0.04072398190045249 0.06056387051862165
1 0.4505743125652628 0.27532196310476853 0.04211625478593804 0.046641141663766095
0 0.40532544378698226 0.2955099199443091 0.04838148277062304 0.04594500522102332
1 0.5468151757744518 0.3456317438217891 0.05081796032022276 0.05081796032022276
1 0.491472328576401 0.34650191437521755 0.055690915419422206 0.051166028541594154
1 0.44309084580577796 0.36529759832927255 0.04524886877828054 0.04838148277062304
1 0.35798816568047337 0.21963104768534633 0.06091193873999304 0.04385659589279499
0 0.282457361642882 0.1517577445179255 0.059519665854507485 0.054994778976679426
1 0.15001740341106856 0.18116950922380787 0.06404455273233554 0.05534284719805082
0 0.07883745214061956 0.19039331709014967 0.04142011834319527 0.03967977723633832
0 0.12513052558301427 0.24608423250957187 0.044900800556909155 0.0403759136790811
0 0.22624434389140272 0.26940480334145495 0.05221023320570832 0.05986773407587887
1 0.10650887573964497 0.3329272537417334 0.04455273233553777 0.050469892098851374
1 0.19439610163592064 0.3886181691611556 0.05255830142707971 0.05464671075530804
1 0.26018099547511314 0.347372084928646 0.04838148277062304 0.04872955099199443
1 0.3552036199095023 0.320048729550992 0.050469892098851374 0.05255830142707971
0 0.3132613992342499 0.2579185520361991 0.05708318830490776 0.05777932474765054
0 0.20431604594500521 0.3169161155586495 0.042464323007309436 0.050469892098851374
0 0.01618517229376958 0.3967977723633832 0.030978071702053602 0.05290636964845109
0 0.08127392969021928 0.4234249912982945 0.049773755656108594 0.050469892098851374
0 0.1367908109989558 0.4892098851374869 0.05917159763313609 0.06578489383919248
0 0.04629307344239471 0.5746606334841629 0.06891750783153498 0.08562478245736165
1 0.14897319874695442 0.615036547163244 0.07379046293073442 0.06056387051862165
1 0.2580925861468848 0.4761573268360599 0.044204664114166375 0.05221023320570832
1 0.28454577097111033 0.4406543682561782 0.04768534632788026 0.05221023320570832
0 0.3202227636616777 0.548381482770623 0.046641141663766095 0.04838148277062304
0 0.41159067177166725 0.5074834667594849 0.04142011834319527 0.06404455273233554
0 0.44813783501566307 0.5268012530455969 0.04211625478593804 0.04838148277062304
0 0.37765402018795685 0.39923424991298295 0.05847546119039332 0.05708318830490776
0 0.4813783501566307 0.4533588583362339 0.04385659589279499 0.059519665854507485
1 0.5891054646710755 0.48050817960320225 0.04211625478593804 0.044204664114166375
1 0.5650887573964497 0.4479638009049774 0.04559693699965193 0.041768186564566656
0 0.6341802993386704 0.4117647058823529 0.04872955099199443 0.04594500522102332
0 0.709014966933519 0.3999303863557257 0.04942568743473721 0.04942568743473721
0 0.669683257918552 0.5174034110685695 0.055690915419422206 0.044900800556909155
0 0.7123216150365471 0.46084232509571876 0.04142011834319527 0.042464323007309436
1 0.6618517229376958 0.46327880264531845 0.04698920988513749 0.03898364079359554
0 0.7539157674904281 0.4457013574660634 0.04385659589279499 0.049773755656108594
0 0.7723633832231117 0.4063696484510964 0.048033414549251655 0.04002784545770971
0 0.8158719108945354 0.3844413505046989 0.04524886877828054 0.051166028541594154
0 0.7760180995475113 0.48712147580925863 0.044900800556909155 0.03793943612948138
0 0.761399234249913 0.5342847198050817 0.05255830142707971 0.04524886877828054
0 0.8529411764705882 0.4991298294465715 0.050469892098851374 0.047337278106508875
0 0.9121127741037244 0.49199443090845807 0.04838148277062304 0.03515489035851027
0 0.8806126000696136 0.42725374173337977 0.034110685694396105 0.04838148277062304
1 0.878698224852071 0.37956839540549947 0.04072398190045249 0.04002784545770971
1 0.9378698224852071 0.3990602158022972 0.04072398190045249 0.049773755656108594
1 0.8905325443786982 0.3290985033066481 0.05255830142707971 0.04559693699965193
0 0.9643230073094327 0.3247476505395057 0.06160807518273582 0.04872955099199443
0 0.764183780020884 0.2673163940132266 0.05673512008353637 0.05151409676296554
1 0.9738948833971458 0.4745910198398886 0.05081796032022276 0.03793943612948138
0 0.9705882352941176 0.5196658545074835 0.04768534632788026 0.04594500522102332
0 0.9249912982944657 0.5495997215454229 0.044900800556909155 0.04942568743473721
0 0.9698920988513748 0.6129481378350157 0.04142011834319527 0.04385659589279499
1 0.954403063000348 0.6775147928994083 0.041072050121823876 0.044204664114166375
0 0.8971458405847547 0.7279846849982596 0.04907761921336582 0.03237034458753916
0 0.9768534632788026 0.7608771319178559 0.04211625478593804 0.05151409676296554
1 0.9253393665158371 0.7537417333797425 0.050469892098851374 0.03167420814479638
1 0.8687782805429864 0.7591367908109989 0.05847546119039332 0.04524886877828054
0 0.8198746954403063 0.7694048033414549 0.035851026801253044 0.04002784545770971
1 0.8193525931082493 0.7029237730595197 0.03828750435085277 0.05743125652627915
0 0.7960320222763662 0.8007309432648799 0.042464323007309436 0.05325443786982249
1 0.8379742429516185 0.8257918552036199 0.04211625478593804 0.04629307344239471
1 0.8245736164288201 0.583710407239819 0.04524886877828054 0.0403759136790811
0 0.7935955447267664 0.6306996171249565 0.041768186564566656 0.04316045945005221
1 0.7335537765402019 0.6192133658197007 0.050469892098851374 0.047337278106508875
0 0.7044900800556909 0.5776192133658197 0.03898364079359554 0.044204664114166375
0 0.747128437173686 0.7018795683954056 0.04002784545770971 0.05464671075530804
0 0.7201531500174034 0.7429516185172294 0.046641141663766095 0.04907761921336582
0 0.6484510964148973 0.7835015663069962 0.05012182387747999 0.056387051862164986
0 0.5753567699269057 0.7392969021928298 0.03550295857988166 0.055690915419422206
0 0.6430560389836408 0.6263487643578142 0.0435085276714236 0.044204664114166375
0 0.589975635224504 0.6561085972850679 0.05012182387747999 0.04455273233553777
0 0.6181691611555865 0.5755308040375914 0.047337278106508875 0.04211625478593804
0 0.5757048381482771 0.531326139923425 0.04316045945005221 0.04907761921336582
0 0.5304559693699965 0.5402018795683954 0.046641141663766095 0.04594500522102332
0 0.4968673860076575 0.5537765402018796 0.03863557257222416 0.03689523146536721
1 0.46327880264531845 0.5802297250261051 0.03898364079359554 0.05290636964845109
0 0.5071353985381135 0.6336581970066133 0.05012182387747999 0.03445875391576749
0 0.5255830142707971 0.6738600765750087 0.047337278106508875 0.04594500522102332
1 0.4380438565958928 0.6592412112774104 0.051166028541594154 0.03828750435085277
1 0.4340410720501218 0.7107553080403759 0.047337278106508875 0.05360250609119387
0 0.5132265924121128 0.7258962756700313 0.0435085276714236 0.04142011834319527
0 0.4229028889662374 0.8076923076923077 0.041072050121823876 0.050469892098851374
1 0.49129829446571527 0.8252697528715628 0.04142011834319527 0.03759136790810999
1 0.5177514792899408 0.805777932474765 0.04142011834319527 0.03619909502262444
0 0.5718760877131918 0.8252697528715628 0.03759136790810999 0.04594500522102332
0 0.606508875739645 0.8285764009745911 0.03237034458753916 0.03933170901496694
0 0.7098851374869475 0.8418029933867038 0.044900800556909155 0.05673512008353637
0 0.6009397841977028 0.9093282283327532 0.044204664114166375 0.06787330316742081
0 0.5462930734423947 0.8914027149321267 0.044900800556909155 0.041072050121823876
1 0.5060911938739993 0.9406543682561782 0.041072050121823876 0.03515489035851027
0 0.4222067525234946 0.8936651583710408 0.02854159415245388 0.04142011834319527
0 0.3416289592760181 0.8713887922032718 0.05325443786982249 0.06717716672467804
0 0.2901148625130526 0.8713887922032718 0.04907761921336582 0.044900800556909155
0 0.2727114514444831 0.8289244691959624 0.04142011834319527 0.035851026801253044
0 0.2328576400974591 0.8437173686042464 0.0403759136790811 0.04594500522102332
0 0.23372781065088757 0.7984684998259659 0.0435085276714236 0.03828750435085277
0 0.21858684302123216 0.9133310128785241 0.046641141663766095 0.048033414549251655
1 0.3047337278106509 0.9336930038287504 0.044900800556909155 0.051166028541594154
1 0.3632091890010442 0.6129481378350157 0.04142011834319527 0.04942568743473721
0 0.3247476505395057 0.6371388792203272 0.048033414549251655 0.03306648103028194
1 0.27532196310476853 0.6126000696136443 0.041768186564566656 0.04316045945005221
0 0.23076923076923078 0.5988513748694744 0.04524886877828054 0.06578489383919248
0 0.18465019143752176 0.6851722937695789 0.06717716672467804 0.08527671423599026
0 0.276192133658197 0.7011834319526628 0.05186216498433693 0.04698920988513749
0 0.32422554820744864 0.7394709363035155 0.06160807518273582 0.06648103028193526
1 0.0838844413505047 0.6853463278802645 0.05151409676296554 0.04594500522102332
1 0.057605290636964845 0.7345979812043161 0.044900800556909155 0.058127392969021925
1 0.026453184824225547 0.6559345631743821 0.05221023320570832 0.049773755656108594
1 0.03985381134702402 0.7883745214061956 0.04907761921336582 0.0403759136790811
0 0.11782109293421511 0.7855899756352245 0.035851026801253044 0.05151409676296554
0 0.03602506091193874 0.8301427079707623 0.051166028541594154 0.032718412808910545
0 0.15297598329272538 0.8240515140967629 0.04907761921336582 0.049773755656108594
0 0.11260006961364427 0.8835711799512704 0.04211625478593804 0.037243299686738604
0 0.1494953010790115 0.9041072050121823 0.03793943612948138 0.05186216498433693
0 0.0748346675948486 0.902018795683954 0.04455273233553777 0.044900800556909155
1 0.05986773407587887 0.9693699965193178 0.047337278106508875 0.054994778976679426
1 0.1146884789418726 0.9787678384963453 0.04072398190045249 0.03967977723633832
0 0.663418029933867 0.9559693699965193 0.06474068917507832 0.06578489383919248
0 0.7311172989906022 0.9477897667942917 0.044204664114166375 0.05151409676296554
0 0.8672119735468152 0.9564914723285765 0.044900800556909155 0.042464323007309436
0 0.9343891402714932 0.9688478941872607 0.050469892098851374 0.044900800556909155
