0 0.679951270449008 0.8068221371388792 0.04838148277062304 0.056387051862164986
0 0.7156282631395754 0.9035851026801253 0.05777932474765054 0.048033414549251655
0 0.7572224155934563 0.8922728854855552 0.0650887573964497 0.044204664114166375
1 0.5951966585450749 0.9321266968325792 0.08980160111381831 0.07518273581621998
0 0.4559693699965193 0.8572920292377306 0.06682909850330665 0.07170205360250609
0 0.5132265924121128 0.7516533240515141 0.06926557605290637 0.06787330316742081
0 0.41228680821441005 0.7876783849634529 0.09363035154890359 0.05777932474765054
1 0.4168116950922381 0.6305255830142708 0.05464671075530804 0.06578489383919248
0 0.43856595892794986 0.6943961016359207 0.06474068917507832 0.06056387051862165
1 0.3510268012530456 0.665158371040724 0.05395057431256526 0.05151409676296554
1 0.3567699269056735 0.5659589279498781 0.05012182387747999 0.06543682561782109
1 0.5299338670379394 0.5466411416637661 0.04211625478593804 0.059519665854507485
1 0.47093630351548904 0.5080055690915419 0.055690915419422206 0.058823529411764705
0 0.5259310824921685 0.6421858684302123 0.06265227984684998 0.056387051862164986
1 0.4216846501914375 0.4778976679429168 0.051166028541594154 0.05847546119039332
1 0.8851374869474417 0.2873303167420814 0.055690915419422206 0.06926557605290637
1 0.9329968673860076 0.453880960668291 0.049773755656108594 0.07866341802993387
1 0.9488339714584059 0.5964148973198747 0.06056387051862165 0.0685694396101636
0 0.8680821441002436 0.5710059171597633 0.06613296206056388 0.05673512008353637
0 0.7542638357117996 0.7476505395057431 0.06265227984684998 0.061956143404107204
1 0.9684998259658893 0.8290985033066481 0.03933170901496694 0.04455273233553777
0 0.9730247128437174 0.9298642533936652 0.049773755656108594 0.06160807518273582
1 0.9900800556909154 0.9808562478245736 0.01983988861816916 0.03828750435085277
0 0.888966237382527 0.9723285764009746 0.06752523494604942 0.05534284719805082
0 0.9197702749738949 0.8703445875391577 0.059519665854507485 0.06091193873999304
0 0.8971458405847547 0.7469544030630003 0.051166028541594154 0.04942568743473721
0 0.9316045945005221 0.70048729550992 0.06091193873999304 0.0650887573964497
1 0.30281935259310827 0.5099199443090846 0.06404455273233554 0.05360250609119387
0 0.2685346327880265 0.6787330316742082 0.058127392969021925 0.061956143404107204
1 0.09241211277410373 0.7060563870518621 0.051166028541594154 0.0650887573964497
1 0.1277410372432997 0.7728854855551688 0.05777932474765054 0.05395057431256526
0 0.13243995823181343 0.7131917855899756 0.03863557257222416 0.04942568743473721
0 0.07831534980856247 0.8016011138183083 0.061956143404107204 0.05081796032022276
0 0.30595196658545076 0.9448311869126349 0.08492864601461887 0.09502262443438914
0 0.19909502262443438 0.9484859032370344 0.03898364079359554 0.047337278106508875
0 0.14183780020884093 0.9263835711799513 0.05186216498433693 0.059519665854507485
1 0.4345631743821789 0.2822833275321963 0.06160807518273582 0.054994778976679426
1 0.3785241907413853 0.376435781413157 0.07553080403759137 0.04907761921336582
0 0.46171249564914724 0.35642185868430215 0.0650887573964497 0.05429864253393665
1 0.6529759832927253 0.4095022624434389 0.05708318830490776 0.05325443786982249
1 0.7579185520361991 0.4105464671075531 0.058127392969021925 0.050469892098851374
0 0.882178907065785 0.42116254785938045 0.07413853115210581 0.048033414549251655
0 0.9378698224852071 0.28367560041768186 0.05186216498433693 0.06056387051862165
0 0.9700661329620606 0.1648103028193526 0.05081796032022276 0.0685694396101636
0 0.9765053950574313 0.08649495301079012 0.044900800556909155 0.05743125652627915
0 0.8964497041420119 0.12721893491124261 0.07970762269404803 0.07205012182387747
1 0.966411416637661 0.012878524190741385 0.05464671075530804 0.02575704838148277
1 0.7441698572920292 0.03567699269056735 0.06543682561782109 0.0713539853811347
0 0.807518273581622 0.19683257918552036 0.05429864253393665 0.06230421162547859
0 0.7850678733031674 0.22833275321963103 0.04907761921336582 0.061260006961364424
0 0.6825617821092934 0.12843717368604246 0.06404455273233554 0.06404455273233554
0 0.6416637660981552 0.06230421162547859 0.0650887573964497 0.048033414549251655
1 0.5676992690567351 0.023146536721197354 0.061956143404107204 0.04629307344239471
0 0.6550643926209537 0.7295509919944309 0.048033414549251655 0.07239819004524888
0 0.6253045596936999 0.6688130873651236 0.05395057431256526 0.06926557605290637
0 0.7396449704142012 0.5857988165680473 0.06543682561782109 0.06334841628959276
1 0.7058823529411765 0.5074834667594849 0.07100591715976332 0.06682909850330665
0 0.7678384963452837 0.49599721545422903 0.04455273233553777 0.05012182387747999
0 0.816045945005221 0.47737556561085975 0.06230421162547859 0.05325443786982249
0 0.6197354681517577 0.5515140967629656 0.0650887573964497 0.05603898364079359
0 0.5722241559345632 0.4716324399582318 0.048033414549251655 0.05221023320570832
1 0.7389488339714584 0.8022972502610511 0.04872955099199443 0.04872955099199443
0 0.8153498085624783 0.8165680473372781 0.07274625826662026 0.046641141663766095
0 0.8261399234249913 0.8987121475809259 0.06230421162547859 0.06265227984684998
1 0.04768534632788026 0.9695440306300035 0.06474068917507832 0.06021580229725026
0 0.1985729202923773 0.5295857988165681 0.049773755656108594 0.051166028541594154
0 0.13418029933867037 0.5431604594500522 0.05743125652627915 0.06091193873999304
0 0.060737904629307345 0.5447267664462234 0.05464671075530804 0.05708318830490776
0 0.030281935259310826 0.613296206056387 0.06056387051862165 0.05429864253393665
0 0.06334841628959276 0.36303515489035854 0.04455273233553777 0.05708318830490776
0 0.29063696484510965 0.43386703793943615 0.06474068917507832 0.05673512008353637
1 0.06021580229725026 0.09467455621301775 0.042464323007309436 0.04594500522102332
0 0.129829446571528 0.13557257222415595 0.08423250957187609 0.07413853115210581
0 0.03202227636616777 0.1491472328576401 0.06404455273233554 0.06996171249564914
0 0.23512008353637312 0.16359206404455273 0.06926557605290637 0.05777932474765054
0 0.0217542638357118 0.25374173337974243 0.0435085276714236 0.04872955099199443
0 0.11225200139227288 0.28785241907413855 0.06369648451096414 0.061956143404107204
1 0.18203967977723634 0.2384267316394013 0.04942568743473721 0.05708318830490776
0 0.23042116254785938 0.269926905673512 0.05151409676296554 0.04838148277062304
0 0.17246780368952314 0.3163940132265924 0.04211625478593804 0.04872955099199443
0 0.21075530804037593 0.3442394709363035 0.04698920988513749 0.06474068917507832
0 0.27567003132613993 0.33083884441350503 0.05986773407587887 0.05534284719805082
0 0.317786286112078 0.27288548555516884 0.05151409676296554 0.056387051862164986
0 0.3604246432300731 0.2111033762617473 0.08318830490776193 0.0713539853811347
0 0.5083536373129133 0.30229725026105114 0.06230421162547859 0.05186216498433693
0 0.611033762617473 0.292725374173338 0.04698920988513749 0.05429864253393665
0 0.5457709711103377 0.37730595196658545 0.06543682561782109 0.061260006961364424
0 0.596240863209189 0.36460146188652975 0.048033414549251655 0.050469892098851374
0 0.7392969021928298 0.31830838844413506 0.07866341802993387 0.058823529411764705
0 0.13418029933867037 0.644100243647755 0.07970762269404803 0.051166028541594154
0 0.8158719108945354 0.5457709711103377 0.05221023320570832 0.05151409676296554
0 0.6943961016359207 0.24016707274625826 0.06752523494604942 0.07239819004524888
1 0.5325443786982249 0.2051862164984337 0.06752523494604942 0.05603898364079359
1 0.617821092934215 0.18673860076575008 0.05081796032022276 0.05603898364079359
0 0.5744865993734772 0.14027149321266968 0.07901148625130526 0.07448659937347721
0 0.5055690915419422 0.07587887225896275 0.05325443786982249 0.06891750783153498
0 0.3886181691611556 0.10024364775495997 0.09363035154890359 0.07379046293073442
0 0.25931082492168467 0.05673512008353637 0.06961364427427776 0.05986773407587887
