0 0.12356421858684302 0.05847546119039332 0.06265227984684998 0.07866341802993387
0 0.19909502262443438 0.08109989557953359 0.04455273233553777 0.048033414549251655
0 0.28089105464671077 0.09885137486947441 0.055690915419422206 0.055690915419422206
0 0.2236338322311173 0.15280194918203968 0.05255830142707971 0.061260006961364424
0 0.06056387051862165 0.21284371736860425 0.06961364427427776 0.07831534980856247
0 0.16394013226592413 0.2603550295857988 0.046641141663766095 0.05917159763313609
0 0.2053602506091194 0.21980508179603203 0.05777932474765054 0.051166028541594154
0 0.21058127392969023 0.28715628263139575 0.03967977723633832 0.041768186564566656
0 0.2869822485207101 0.2962060563870519 0.059519665854507485 0.05847546119039332
1 0.36077271145144446 0.16324399582318133 0.05743125652627915 0.05708318830490776
0 0.4326487991646363 0.15680473372781065 0.061260006961364424 0.05395057431256526
0 0.5 0.16185172293769579 0.04211625478593804 0.041072050121823876
1 0.48938391924817265 0.20274973894883397 0.05986773407587887 0.04072398190045249
0 0.5765750087017055 0.21963104768534633 0.04281239122868082 0.05847546119039332
0 0.504002784545771 0.24486599373477203 0.042464323007309436 0.04768534632788026
0 0.5410720501218239 0.2794987817612252 0.04907761921336582 0.041072050121823876
1 0.5316742081447964 0.31604594500522104 0.05534284719805082 0.041072050121823876
1 0.48050817960320225 0.3219631047685346 0.04211625478593804 0.04524886877828054
0 0.4067177166724678 0.2638357117995127 0.06230421162547859 0.055690915419422206
0 0.4382178907065785 0.3814827706230421 0.05360250609119387 0.06752523494604942
1 0.5189697180647407 0.37800208840932825 0.046641141663766095 0.05360250609119387
1 0.6038983640793596 0.3729550991994431 0.04524886877828054 0.049773755656108594
0 0.6754263835711799 0.3884441350504699 0.058823529411764705 0.05081796032022276
1 0.7570483814827706 0.34893839192481724 0.05986773407587887 0.05743125652627915
0 0.6239122868082144 0.29951270449008005 0.06996171249564914 0.058823529411764705
0 0.6989209885137487 0.24712843717368604 0.06961364427427776 0.06613296206056388
1 0.7673163940132266 0.25287156282631396 0.04768534632788026 0.04838148277062304
1 0.6334841628959276 0.19631047685346328 0.05151409676296554 0.05012182387747999
0 0.6176470588235294 0.11521058127392969 0.04838148277062304 0.03759136790810999
1 0.5621301775147929 0.0870170553428472 0.05012182387747999 0.06613296206056388
1 0.4676296554124608 0.05360250609119387 0.04559693699965193 0.05360250609119387
0 0.39383919248172644 0.029933867037939436 0.04629307344239471 0.04872955099199443
1 0.6604594500522102 0.07709711103376261 0.04211625478593804 0.04907761921336582
1 0.6762965541246084 0.009745910198398886 0.03967977723633832 0.01740341106856944
1 0.7486947441698573 0.04437869822485207 0.0403759136790811 0.05673512008353637
0 0.7942916811695092 0.08231813435433345 0.05290636964845109 0.05673512008353637
1 0.7812391228680822 0.13835711799512704 0.04002784545770971 0.049773755656108594
0 0.8442394709363035 0.15071353985381133 0.0435085276714236 0.05360250609119387
0 0.820048729550992 0.1896971806474069 0.046641141663766095 0.06543682561782109
0 0.8940132265924121 0.07274625826662026 0.050469892098851374 0.055690915419422206
0 0.9248172641837801 0.028367560041768186 0.04455273233553777 0.0435085276714236
1 0.9512704490080056 0.10929342151061608 0.048033414549251655 0.07030978071702054
1 0.9820744865993735 0.22189349112426035 0.035851026801253044 0.05255830142707971
0 0.8981900452488688 0.3170901496693352 0.05186216498433693 0.03689523146536721
1 0.9846849982596589 0.35868430212321617 0.02923773059519666 0.04281239122868082
0 0.9396101635920641 0.4253393665158371 0.06369648451096414 0.05081796032022276
1 0.8409328228332753 0.466411416637661 0.061956143404107204 0.05012182387747999
0 0.7951618517229377 0.47981204316045944 0.036547163243995824 0.037243299686738604
0 0.8571179951270449 0.5231465367211974 0.044900800556909155 0.04942568743473721
1 0.8162199791159067 0.5447267664462234 0.04594500522102332 0.03689523146536721
1 0.7173686042464323 0.44848590323703447 0.05777932474765054 0.051166028541594154
1 0.7298990602158023 0.5222763661677688 0.04942568743473721 0.044204664114166375
0 0.6726418378002088 0.5741385311521058 0.04281239122868082 0.0748346675948486
0 0.6167768882701009 0.5739644970414202 0.0403759136790811 0.047337278106508875
0 0.5880612600069614 0.5339366515837104 0.044900800556909155 0.055690915419422206
1 0.6179951270449008 0.49199443090845807 0.04559693699965193 0.044204664114166375
0 0.5402018795683954 0.45701357466063347 0.048033414549251655 0.041768186564566656
1 0.45857988165680474 0.49234249912982947 0.044900800556909155 0.06300034806822137
1 0.3882701009397842 0.46710755308040375 0.058823529411764705 0.056387051862164986
1 0.33571179951270447 0.4843369300382875 0.05186216498433693 0.04142011834319527
0 0.29568395405499476 0.4504002784545771 0.06578489383919248 0.041072050121823876
0 0.2988165680473373 0.5287156282631396 0.05186216498433693 0.05221023320570832
0 0.25008701705534286 0.491472328576401 0.04211625478593804 0.041072050121823876
0 0.1983988861816916 0.45805777932474767 0.061260006961364424 0.03898364079359554
0 0.20083536373129132 0.49251653324051514 0.05151409676296554 0.033414549251653325
0 0.2024016707274626 0.5403759136790811 0.05603898364079359 0.0685694396101636
0 0.15993734772015314 0.5137486947441698 0.03445875391576749 0.054994778976679426
1 0.10981552384267317 0.5381134702401671 0.04768534632788026 0.06474068917507832
0 0.05429864253393665 0.5419422206752523 0.04316045945005221 0.056387051862164986
1 0.012008353637312914 0.5299338670379394 0.02262443438914027 0.04629307344239471
1 0.04159415245388096 0.5967629655412461 0.050469892098851374 0.03933170901496694
0 0.051166028541594154 0.3609467455621302 0.05847546119039332 0.07727114514444831
0 0.06769926905673512 0.43125652627915073 0.044204664114166375 0.04872955099199443
1 0.05151409676296554 0.4716324399582318 0.046641141663766095 0.03619909502262444
0 0.1273929690219283 0.4347372084928646 0.05847546119039332 0.05012182387747999
0 0.20449008005569091 0.39662373825269753 0.07901148625130526 0.05603898364079359
0 0.28384963452836753 0.39262095370692657 0.06648103028193526 0.04316045945005221
0 0.8437173686042464 0.3512008353637313 0.07935955447267665 0.0807518273581622
0 0.9638009049773756 0.5069613644274278 0.05012182387747999 0.04142011834319527
0 0.9550991994430909 0.5828402366863905 0.05360250609119387 0.05603898364079359
0 0.8914027149321267 0.6895231465367212 0.055690915419422206 0.05777932474765054
0 0.849112426035503 0.6106856943961017 0.051166028541594154 0.05673512008353637
0 0.7998607727114514 0.6395753567699269 0.032718412808910545 0.04211625478593804
1 0.7319874695440306 0.600765750087017 0.04524886877828054 0.046641141663766095
1 0.736338322311173 0.6921336581970066 0.05464671075530804 0.05255830142707971
0 0.7455621301775148 0.7349460494256874 0.042464323007309436 0.037243299686738604
1 0.8360598677340759 0.7629655412460842 0.05917159763313609 0.061956143404107204
0 0.9084580577793248 0.8031674208144797 0.04872955099199443 0.044204664114166375
1 0.9068917507831535 0.8701705534284719 0.051166028541594154 0.03550295857988166
1 0.9312565262791507 0.9021928297946398 0.050469892098851374 0.041768186564566656
0 0.9248172641837801 0.9479638009049773 0.04385659589279499 0.04629307344239471
1 0.7739296902192829 0.9737208492864602 0.04002784545770971 0.04559693699965193
1 0.7784545770971111 0.8856595892794987 0.04698920988513749 0.04838148277062304
0 0.719805081796032 0.9183780020884094 0.055690915419422206 0.05186216498433693
0 0.7008353637312913 0.8485903237034459 0.04211625478593804 0.0403759136790811
0 0.7194570135746606 0.8038635572572224 0.04524886877828054 0.04629307344239471
0 0.6529759832927253 0.8564218586843021 0.046641141663766095 0.04072398190045249
0 0.5901496693351898 0.8726070309780717 0.04072398190045249 0.046641141663766095
1 0.5844065436825617 0.7847198050817961 0.05081796032022276 0.04838148277062304
0 0.6211277410372433 0.7627915071353986 0.0435085276714236 0.04629307344239471
0 0.6592412112774104 0.6750783153498086 0.046641141663766095 0.06439262095370693
0 0.5892794987817612 0.6303515489035851 0.04872955099199443 0.042464323007309436
1 0.5452488687782805 0.6458405847546119 0.05395057431256526 0.037243299686738604
0 0.5160111381830839 0.711277410372433 0.06648103028193526 0.06091193873999304
0 0.46414897319874693 0.6301775147928994 0.058823529411764705 0.05603898364079359
0 0.4902540898016011 0.5743125652627915 0.06091193873999304 0.05847546119039332
0 0.3463278802645319 0.6268708666898712 0.07379046293073442 0.05708318830490776
0 0.31517577445179257 0.5821441002436477 0.050469892098851374 0.04768534632788026
0 0.2504350852767142 0.6693351896971806 0.05395057431256526 0.05777932474765054
0 0.18447615732683606 0.7121475809258615 0.06056387051862165 0.04524886877828054
0 0.23686042464323007 0.744343891402715 0.04002784545770971 0.05255830142707971
1 0.32683605986773406 0.7401670727462583 0.05081796032022276 0.058823529411764705
0 0.4432648799164636 0.7518273581621998 0.04559693699965193 0.04872955099199443
1 0.5087017055342847 0.8268360598677341 0.04838148277062304 0.058823529411764705
1 0.4411764705882353 0.8588583362339018 0.04281239122868082 0.04629307344239471
1 0.468673860076575 0.8980160111381831 0.04768534632788026 0.04524886877828054
1 0.5466411416637661 0.9437869822485208 0.05395057431256526 0.04768534632788026
0 0.6127741037243299 0.9399582318134354 0.05534284719805082 0.05395057431256526
0 0.6691611555864949 0.9763313609467456 0.05325443786982249 0.04385659589279499
0 0.4559693699965193 0.9845109641489732 0.04385659589279499 0.027497389488339713
1 0.3887922032718413 0.9568395405499478 0.04872955099199443 0.054994778976679426
0 0.36199095022624433 0.8816568047337278 0.04385659589279499 0.04524886877828054
1 0.28089105464671077 0.9063696484510965 0.03898364079359554 0.04385659589279499
0 0.22432996867386007 0.822311172989906 0.058823529411764705 0.06300034806822137
0 0.21545422902888967 0.958405847546119 0.06752523494604942 0.07205012182387747
1 0.08092586146884789 0.9495301079011487 0.05534284719805082 0.06404455273233554
0 0.12930734423947093 0.8452836756004177 0.058127392969021925 0.06369648451096414
0 0.054472676644622346 0.8458057779324748 0.06300034806822137 0.05708318830490776
0 0.09537069265576052 0.7398190045248869 0.05221023320570832 0.044900800556909155
0 0.08719108945353289 0.7034458753915768 0.044900800556909155 0.032718412808910545
