1 0.09881697981906751 0.08092586146884789 0.06541405706332637 0.059519665854507485
1 0.09707724425887265 0.13226592412112775 0.04592901878914405 0.04316045945005221
0 0.21798886569241474 0.07518273581621998 0.05184411969380654 0.05429864253393665
0 0.3089770354906054 0.058301427079707625 0.07306889352818371 0.06091193873999304
0 0.41927627000695894 0.04577097111033763 0.05775922059846903 0.07344239470936303
0 0.48086290883785665 0.044204664114166375 0.06402226861517049 0.07796728158719109
0 0.6000347947112039 0.025234946049425687 0.0476687543493389 0.050469892098851374
0 0.6920668058455115 0.05064392620953707 0.04523312456506611 0.04629307344239471
1 0.7023312456506611 0.10180995475113122 0.06645789839944329 0.05673512008353637
0 0.6978079331941545 0.16620257570483815 0.038622129436325675 0.04281239122868082
0 0.633785664578984 0.12617473024712844 0.060194850382741825 0.06369648451096414
0 0.9264091858037579 0.10233205708318831 0.06437021572720947 0.05081796032022276
0 0.9244954766875435 0.1585450748346676 0.05149617258176757 0.04768534632788026
0 0.8858733472512178 0.26870866689871215 0.07028531663187196 0.056387051862164986
1 0.877000695894224 0.3383223111729899 0.055323590814196244 0.05012182387747999
0 0.7505219206680585 0.317786286112078 0.04036186499652053 0.05360250609119387
0 0.7715727209464162 0.40306300034806825 0.06228253305497564 0.04524886877828054
0 0.8700417536534447 0.47859380438565957 0.059498956158663886 0.05081796032022276
1 0.6550104384133612 0.3625130525583014 0.04558107167710508 0.050469892098851374
0 0.6793667362560891 0.4425687434737208 0.058107167710508 0.0776192133658197
0 0.7860125260960334 0.529063696484511 0.07306889352818371 0.07100591715976332
0 0.8816979819067502 0.5355029585798816 0.07167710508002784 0.059519665854507485
1 0.2903618649965205 0.16045945005221024 0.0650661099512874 0.06891750783153498
0 0.17867084203201114 0.21040723981900453 0.09081419624217119 0.06787330316742081
1 0.04697286012526096 0.1806474068917508 0.06263048016701461 0.06543682561782109
1 0.5121781489213639 0.47946397493908804 0.061934585942936674 0.06926557605290637
1 0.3335073068893528 0.49756352245040025 0.07272094641614475 0.07344239470936303
0 0.8653444676409185 0.6613296206056387 0.07237299930410578 0.08632091890010442
0 0.8846555323590815 0.805777932474765 0.07967988865692414 0.07866341802993387
0 0.8453375086986779 0.9314305603898364 0.07411273486430063 0.07727114514444831
0 0.7292971468336813 0.7836756004176819 0.07376478775226165 0.08179603202227637
0 0.6440501043841336 0.8378002088409329 0.061934585942936674 0.06752523494604942
0 0.5485386221294363 0.9227288548555517 0.05671537926235212 0.08840932822833275
1 0.546624913013222 0.7241559345631744 0.06541405706332637 0.08527671423599026
0 0.41196938065414057 0.891228680821441 0.08002783576896312 0.0901496693351897
0 0.7207724425887265 0.9291681169509224 0.04697286012526096 0.06160807518273582
1 0.4359777313848295 0.47041420118343197 0.054279749478079335 0.05255830142707971
1 0.46798886569241477 0.5971110337626174 0.06819763395963814 0.07692307692307693
0 0.5516701461377871 0.6266968325791855 0.04488517745302714 0.06021580229725026
1 0.8053235908141962 0.23059519665854508 0.05323590814196242 0.05673512008353637
0 0.7767919276270007 0.19161155586494952 0.030271398747390398 0.04142011834319527
0 0.7548712595685456 0.21336581970066132 0.0407098121085595 0.05221023320570832
0 0.7734864300626305 0.238600765750087 0.019485038274182326 0.027497389488339713
0 0.3178496868475992 0.7734075878872259 0.07620041753653445 0.09606682909850331
0 0.41579679888656923 0.6505395057431257 0.060542797494780795 0.06613296206056388
0 0.3291579679888657 0.6439262095370692 0.06402226861517049 0.05429864253393665
0 0.3883089770354906 0.5508179603202228 0.06610995128740431 0.06369648451096414
0 0.20320111343075853 0.5396797772363383 0.06332637439109255 0.07065784893839193
0 0.17240779401530967 0.617821092934215 0.05184411969380654 0.05777932474765054
1 0.09899095337508698 0.4457013574660634 0.06576200417536535 0.04559693699965193
0 0.16249130132219902 0.41733379742429516 0.07306889352818371 0.07100591715976332
0 0.4573764787752262 0.30334145492516534 0.05671537926235212 0.05325443786982249
0 0.5280097425191371 0.34719805081796035 0.05254001391788448 0.09223807866341803
0 0.41910229645093944 0.3945353289244692 0.058107167710508 0.07065784893839193
0 0.6647529575504524 0.2111033762617473 0.0511482254697286 0.04629307344239471
0 0.6111691022964509 0.23146536721197356 0.05323590814196242 0.07170205360250609
0 0.5728949199721642 0.25321963104768536 0.031663187195546276 0.04698920988513749
0 0.5457550452331246 0.22537417333797424 0.0511482254697286 0.04907761921336582
1 0.5116562282533055 0.17438217890706578 0.06993736951983298 0.08005569091541942
1 0.5887265135699373 0.5852767142359903 0.055671537926235214 0.0685694396101636
1 0.6022964509394572 0.722067525234946 0.061238691718858734 0.07205012182387747
1 0.19728601252609604 0.8419770274973895 0.05636743215031315 0.06474068917507832
1 0.04627696590118302 0.8470240167072747 0.0675017397355602 0.05603898364079359
0 0.0975991649269311 0.7935955447267664 0.07620041753653445 0.05429864253393665
0 0.04505915100904662 0.6707274625826662 0.07341684064022269 0.07030978071702054
0 0.09046624913013222 0.6033762617473025 0.05219206680584551 0.05534284719805082
0 0.1350034794711204 0.5868430212321615 0.033402922755741124 0.04872955099199443
0 0.1254349338900487 0.5217542638357118 0.060194850382741825 0.061956143404107204
0 0.11725817675713292 0.9269056735120084 0.04871259568545581 0.06961364427427776
0 0.05445372303409882 0.8973198746954403 0.07063326374391092 0.06056387051862165
0 0.9566805845511482 0.6891750783153499 0.08663883089770355 0.09676296554124608
