0 0.045422902888966235 0.07988165680473373 0.04768534632788026 0.059519665854507485
0 0.08562478245736165 0.17037939436129482 0.04316045945005221 0.051166028541594154
0 0.09415245388096066 0.034632788026453185 0.04559693699965193 0.05534284719805082
1 0.18134354333449357 0.030978071702053602 0.04316045945005221 0.054994778976679426
0 0.18447615732683606 0.16620257570483815 0.05986773407587887 0.058127392969021925
0 0.26870866689871215 0.08771319178558998 0.05708318830490776 0.05917159763313609
0 0.3016011138183084 0.1930038287504351 0.05186216498433693 0.049773755656108594
0 0.39888618169161155 0.05847546119039332 0.05917159763313609 0.055690915419422206
1 0.4900800556909154 0.03445875391576749 0.04594500522102332 0.04385659589279499
0 0.4691959624086321 0.12600069613644274 0.041768186564566656 0.03967977723633832
1 0.5320222763661677 0.1519317786286112 0.04768534632788026 0.04629307344239471
1 0.5849286460146189 0.07587887225896275 0.049773755656108594 0.05221023320570832
0 0.6644622345979811 0.03828750435085277 0.05012182387747999 0.05360250609119387
0 0.6635920640445527 0.13243995823181343 0.04629307344239471 0.05464671075530804
1 0.7843717368604246 0.06352245040027846 0.04211625478593804 0.04002784545770971
0 0.7450400278454578 0.13087365123564218 0.04142011834319527 0.03689523146536721
0 0.8762617473024713 0.13748694744169856 0.04281239122868082 0.0403759136790811
0 0.9571876087713191 0.13731291333101286 0.03480682213713888 0.04281239122868082
0 0.9841628959276018 0.07413853115210581 0.030978071702053602 0.06334841628959276
0 0.8351896971806474 0.1681169509223808 0.03863557257222416 0.046641141663766095
1 0.9517925513400627 0.2173686042464323 0.04072398190045249 0.051166028541594154
1 0.8550295857988166 0.22415593456317437 0.0435085276714236 0.03898364079359554
0 0.7704490080055691 0.1648103028193526 0.044900800556909155 0.04698920988513749
0 0.7591367908109989 0.24399582318134355 0.04524886877828054 0.04872955099199443
0 0.8705186216498434 0.3042116254785938 0.05081796032022276 0.04872955099199443
0 0.9758092586146885 0.2558301427079708 0.037243299686738604 0.04872955099199443
0 0.934563174382179 0.3485903237034459 0.05081796032022276 0.044204664114166375
1 0.8882701009397842 0.3759136790810999 0.048033414549251655 0.047337278106508875
0 0.9810302819352593 0.42081447963800905 0.03376261747302471 0.04942568743473721
1 0.908284023668639 0.43665158371040724 0.04698920988513749 0.04629307344239471
0 0.8378002088409329 0.46414897319874693 0.05012182387747999 0.04559693699965193
0 0.7948137835015663 0.35885833623390184 0.0435085276714236 0.06056387051862165
0 0.7151061608075183 0.3980160111381831 0.04142011834319527 0.049773755656108594
0 0.6914375217542639 0.2939436129481378 0.04559693699965193 0.05255830142707971
1 0.6447963800904978 0.4117647058823529 0.04281239122868082 0.03898364079359554
0 0.5382875043508528 0.37956839540549947 0.051166028541594154 0.04838148277062304
0 0.5598677340758789 0.2610511660285416 0.044204664114166375 0.046641141663766095
0 0.42586146884789416 0.20327184128089104 0.04142011834319527 0.04594500522102332
0 0.43038635572572226 0.2974242951618517 0.06787330316742081 0.06091193873999304
1 0.34493560737904627 0.2612252001392273 0.048033414549251655 0.03863557257222416
0 0.26139923424991296 0.2822833275321963 0.05151409676296554 0.05081796032022276
0 0.17003132613992342 0.2697528715628263 0.06300034806822137 0.05708318830490776
0 0.16394013226592413 0.3174382178907066 0.04455273233553777 0.03759136790810999
0 0.10459450052210233 0.3108249216846502 0.037243299686738604 0.03132613992342499
1 0.04594500522102332 0.26801253045596934 0.04316045945005221 0.04872955099199443
0 0.050469892098851374 0.3517229376957884 0.06404455273233554 0.05534284719805082
0 0.11242603550295859 0.3506787330316742 0.034110685694396105 0.04142011834319527
0 0.16655064392620952 0.36181691611555866 0.03933170901496694 0.03863557257222416
0 0.12286808214410025 0.39662373825269753 0.03759136790810999 0.04142011834319527
1 0.09258614688478942 0.46432300730943266 0.05360250609119387 0.05847546119039332
0 0.1956143404107205 0.44274277758440655 0.04594500522102332 0.046641141663766095
0 0.1515837104072398 0.5360250609119387 0.03793943612948138 0.03898364079359554
0 0.09902540898016012 0.5805777932474765 0.04629307344239471 0.03828750435085277
0 0.21910894535328926 0.617821092934215 0.044204664114166375 0.046641141663766095
1 0.11521058127392969 0.6764705882352942 0.04594500522102332 0.03515489035851027
1 0.20066132962060565 0.6867386007657501 0.04698920988513749 0.06404455273233554
1 0.02540898016011138 0.6715976331360947 0.05081796032022276 0.050469892098851374
0 0.020884093282283328 0.73807866341803 0.03828750435085277 0.04072398190045249
1 0.051166028541594154 0.7506091193873999 0.027845457709711103 0.03933170901496694
1 0.11051166028541594 0.7312913331012878 0.04838148277062304 0.0403759136790811
1 0.011834319526627219 0.7923773059519665 0.021580229725026105 0.0435085276714236
1 0.033936651583710405 0.8191785589975635 0.03306648103028194 0.04211625478593804
0 0.11103376261747303 0.8228332753219632 0.04455273233553777 0.05081796032022276
0 0.07309432648799165 0.8962756700313261 0.046641141663766095 0.04872955099199443
0 0.21858684302123216 0.9523146536721198 0.04455273233553777 0.041768186564566656
0 0.2561782109293422 0.9787678384963453 0.048033414549251655 0.0403759136790811
0 0.3378002088409328 0.9472676644622346 0.05673512008353637 0.04698920988513749
1 0.24121127741037243 0.8729550991994431 0.03550295857988166 0.04594500522102332
1 0.3226592412112774 0.8665158371040724 0.04316045945005221 0.049773755656108594
0 0.40462930734423946 0.9223807866341803 0.044900800556909155 0.03828750435085277
0 0.3686042464323007 0.8412808910546468 0.03967977723633832 0.047337278106508875
0 0.18708666898712148 0.8068221371388792 0.04281239122868082 0.046641141663766095
0 0.27201531500174037 0.7916811695092238 0.04629307344239471 0.04698920988513749
0 0.2854159415245388 0.8249216846501914 0.05081796032022276 0.04316045945005221
0 0.44865993734772014 0.8022972502610511 0.048033414549251655 0.05012182387747999
1 0.5229725026105116 0.8447615732683605 0.04768534632788026 0.04524886877828054
0 0.4752871562826314 0.9295161851722937 0.051166028541594154 0.04072398190045249
1 0.531326139923425 0.9792899408284024 0.04838148277062304 0.04002784545770971
1 0.6289592760180995 0.9002784545770971 0.047337278106508875 0.04281239122868082
1 0.8026453184824226 0.968673860076575 0.042464323007309436 0.05917159763313609
0 0.7704490080055691 0.947615732683606 0.036547163243995824 0.058127392969021925
1 0.8552036199095022 0.9490080055690916 0.03202227636616777 0.04211625478593804
0 0.9787678384963453 0.9403063000348069 0.03202227636616777 0.044900800556909155
1 0.9209885137486947 0.8910546467107553 0.048033414549251655 0.042464323007309436
1 0.8421510616080752 0.8659937347720154 0.03933170901496694 0.032718412808910545
1 0.7252001392272885 0.8699965193177863 0.044204664114166375 0.03515489035851027
0 0.8560737904629308 0.8275321963104768 0.04907761921336582 0.044204664114166375
0 0.9463974939088061 0.8083884441350505 0.05360250609119387 0.04768534632788026
0 0.803515489035851 0.7685346327880265 0.05464671075530804 0.05221023320570832
0 0.6926557605290637 0.7600069613644275 0.061260006961364424 0.04907761921336582
1 0.7601809954751131 0.6890010442046641 0.03619909502262444 0.044204664114166375
0 0.9256874347372085 0.7138879220327184 0.02262443438914027 0.03828750435085277
0 0.9592760180995475 0.7062304211625479 0.04594500522102332 0.0403759136790811
1 0.9707622694048034 0.6108597285067874 0.05012182387747999 0.04385659589279499
0 0.8304907761921336 0.6179951270449008 0.02854159415245388 0.049773755656108594
0 0.8315349808562478 0.5892794987817612 0.02854159415245388 0.04455273233553777
1 0.717542638357118 0.6397493908806126 0.037243299686738604 0.03480682213713888
0 0.6451444483118691 0.6496693351896972 0.023320570831883047 0.04142011834319527
1 0.6312217194570136 0.5776192133658197 0.04072398190045249 0.04559693699965193
1 0.5675252349460495 0.6348764357814132 0.05395057431256526 0.05708318830490776
0 0.7375565610859729 0.5445527323355378 0.04316045945005221 0.036547163243995824
0 0.7163243995823181 0.5205360250609119 0.03898364079359554 0.04838148277062304
1 0.613296206056387 0.4848590323703446 0.0403759136790811 0.047337278106508875
0 0.5316742081447964 0.5083536373129133 0.04768534632788026 0.05743125652627915
0 0.4853811347024017 0.5896275670031326 0.04072398190045249 0.04524886877828054
1 0.4171597633136095 0.5381134702401671 0.051166028541594154 0.04594500522102332
1 0.4129829446571528 0.5998955795335886 0.037243299686738604 0.036547163243995824
1 0.4754611903933171 0.6407935955447268 0.03898364079359554 0.033414549251653325
0 0.4968673860076575 0.7051862164984337 0.04072398190045249 0.04316045945005221
0 0.3482422554820745 0.6639401322659241 0.0929342151061608 0.0804037591367908
0 0.238600765750087 0.5046989209885138 0.04629307344239471 0.03759136790810999
1 0.3047337278106509 0.46171249564914724 0.05673512008353637 0.04559693699965193
0 0.37121475809258614 0.4930386355725722 0.09223807866341803 0.08806126000696136
0 0.3967977723633832 0.3828750435085277 0.04385659589279499 0.046641141663766095
0 0.3132613992342499 0.3609467455621302 0.04385659589279499 0.05012182387747999
1 0.554646710755308 0.7669683257918553 0.05673512008353637 0.05255830142707971
0 0.6146884789418726 0.8069961712495649 0.02854159415245388 0.04559693699965193
0 0.6324399582318134 0.753393665158371 0.0403759136790811 0.04698920988513749
