1 0.11434041072050122 0.08980160111381831 0.04698920988513749 0.04385659589279499
0 0.09711103376261747 0.14845109641489732 0.04942568743473721 0.06439262095370693
1 0.18465019143752176 0.14410024364775495 0.044204664114166375 0.04455273233553777
0 0.24608423250957187 0.030978071702053602 0.04385659589279499 0.048033414549251655
0 0.33693003828750434 0.05029585798816568 0.048033414549251655 0.06021580229725026
1 0.3108249216846502 0.11625478593804385 0.05151409676296554 0.05290636964845109
0 0.428820048729551 0.11990950226244344 0.08144796380090498 0.07622694048033414
1 0.5071353985381135 0.05151409676296554 0.03967977723633832 0.054994778976679426
0 0.6665506439262096 0.11555864949530108 0.03967977723633832 0.048033414549251655
0 0.583188304907762 0.14775495997215454 0.03237034458753916 0.03306648103028194
1 0.768186564566655 0.06630699617124956 0.03550295857988166 0.05464671075530804
0 0.8873999303863557 0.036547163243995824 0.051166028541594154 0.06474068917507832
0 0.9731987469544031 0.04768534632788026 0.03202227636616777 0.04594500522102332
0 0.93734772015315 0.1712495649147233 0.05221023320570832 0.04455273233553777
0 0.8423250957187609 0.14375217542638358 0.05151409676296554 0.041072050121823876
0 0.7807170205360251 0.16394013226592413 0.03898364079359554 0.05290636964845109
0 0.7071005917159763 0.18656456665506438 0.044204664114166375 0.041072050121823876
0 0.58771319178559 0.18813087365123565 0.044204664114166375 0.0435085276714236
0 0.6329620605638705 0.2149321266968326 0.035851026801253044 0.04211625478593804
0 0.6714235990254089 0.24086320918900103 0.03480682213713888 0.03689523146536721
0 0.6300034806822137 0.2643578141315698 0.034110685694396105 0.04698920988513749
0 0.7620953706926558 0.2634876435781413 0.04072398190045249 0.04942568743473721
0 0.8337974242951619 0.2523494604942569 0.04281239122868082 0.05221023320570832
1 0.9115906717716672 0.25060911938739994 0.04385659589279499 0.034110685694396105
0 0.9676296554124608 0.3256178210929342 0.05708318830490776 0.050469892098851374
1 0.9531848242255482 0.39001044204664115 0.04838148277062304 0.04768534632788026
0 0.8917507831534981 0.39923424991298295 0.0403759136790811 0.041768186564566656
1 0.8619909502262444 0.3675600417681866 0.03167420814479638 0.04316045945005221
0 0.8524190741385311 0.3257918552036199 0.03898364079359554 0.03689523146536721
0 0.8233553776540202 0.34302123216150365 0.04002784545770971 0.04629307344239471
0 0.8454577097111033 0.4072398190045249 0.03967977723633832 0.041072050121823876
1 0.78820048729551 0.3694744169857292 0.03376261747302471 0.05325443786982249
1 0.8054298642533937 0.43978419770274974 0.033414549251653325 0.044204664114166375
0 0.8426731639401323 0.44987817612252 0.033414549251653325 0.04281239122868082
1 0.8891402714932126 0.4745910198398886 0.04002784545770971 0.04559693699965193
0 0.9749390880612601 0.5114862513052558 0.046641141663766095 0.05186216498433693
0 0.9537069265576053 0.5579533588583362 0.0403759136790811 0.041072050121823876
0 0.9053254437869822 0.5504698920988513 0.04594500522102332 0.03863557257222416
0 0.8557257222415593 0.5351548903585103 0.036547163243995824 0.04281239122868082
0 0.9585798816568047 0.6456665506439262 0.055690915419422206 0.03550295857988166
0 0.9705882352941176 0.6843021232161504 0.04142011834319527 0.0403759136790811
0 0.9269056735120084 0.6797772363383223 0.03967977723633832 0.04942568743473721
0 0.843369300382875 0.5723981900452488 0.05777932474765054 0.0435085276714236
0 0.7382526975287156 0.5036547163243996 0.046641141663766095 0.05986773407587887
0 0.6672467803689524 0.43595544726766444 0.04524886877828054 0.044204664114166375
0 0.6536721197354681 0.48329272537417334 0.05290636964845109 0.04281239122868082
0 0.6938739993038635 0.3047337278106509 0.03933170901496694 0.044900800556909155
1 0.6750783153498086 0.3512008353637313 0.0435085276714236 0.04455273233553777
1 0.5943264879916463 0.3498085624782457 0.03515489035851027 0.05360250609119387
0 0.5346327880264532 0.2788026453184824 0.0403759136790811 0.03967977723633832
0 0.3597285067873303 0.23146536721197356 0.0435085276714236 0.04455273233553777
0 0.38739993038635573 0.28054298642533937 0.05847546119039332 0.06682909850330665
0 0.2977723633832231 0.22572224155934564 0.05673512008353637 0.05464671075530804
0 0.30212321615036547 0.2789766794291681 0.03967977723633832 0.03793943612948138
0 0.24695440306300034 0.19474416985729204 0.044900800556909155 0.058127392969021925
0 0.1735120083536373 0.23163940132265923 0.049773755656108594 0.04559693699965193
0 0.11312217194570136 0.2526975287156283 0.04455273233553777 0.04455273233553777
1 0.058301427079707625 0.29690219282979463 0.04281239122868082 0.04316045945005221
0 0.09276018099547512 0.3421510616080752 0.044900800556909155 0.04524886877828054
1 0.10703097807170206 0.3821789070657849 0.04698920988513749 0.033414549251653325
1 0.20623042116254786 0.2977723633832231 0.04559693699965193 0.04768534632788026
0 0.257396449704142 0.29446571528019494 0.04002784545770971 0.04455273233553777
0 0.19439610163592064 0.3546815175774452 0.044204664114166375 0.03828750435085277
0 0.17037939436129482 0.3767838496345284 0.02888966237382527 0.028193525931082493
0 0.18865297598329273 0.3884441350504699 0.03202227636616777 0.02923773059519666
0 0.22154542290288898 0.3793943612948138 0.03863557257222416 0.03202227636616777
0 0.27828054298642535 0.33710407239819007 0.044204664114166375 0.03376261747302471
0 0.2758440654368256 0.37660981552384265 0.051166028541594154 0.04455273233553777
0 0.33797424295161854 0.3625130525583014 0.05290636964845109 0.058823529411764705
1 0.4216846501914375 0.3665158371040724 0.05464671075530804 0.05221023320570832
1 0.5175774451792551 0.4220327184128089 0.041768186564566656 0.04142011834319527
1 0.5725722241559346 0.5304559693699965 0.04594500522102332 0.05081796032022276
1 0.502262443438914 0.5177514792899408 0.0403759136790811 0.044204664114166375
1 0.46710755308040375 0.5408980160111382 0.04524886877828054 0.042464323007309436
1 0.4535328924469196 0.5927601809954751 0.04385659589279499 0.046641141663766095
1 0.5504698920988513 0.6066829098503307 0.02888966237382527 0.04316045945005221
0 0.5222763661677688 0.6362687086668987 0.04072398190045249 0.04316045945005221
1 0.591715976331361 0.6515837104072398 0.0403759136790811 0.04455273233553777
1 0.4504002784545771 0.661155586494953 0.04316045945005221 0.04142011834319527
0 0.49129829446571527 0.705012182387748 0.04072398190045249 0.04838148277062304
0 0.5931082492168465 0.7312913331012878 0.047337278106508875 0.03967977723633832
0 0.6621997911590671 0.6615036547163244 0.04281239122868082 0.044900800556909155
1 0.6886529759832927 0.7124956491472328 0.05255830142707971 0.04455273233553777
0 0.611033762617473 0.7624434389140271 0.049773755656108594 0.03793943612948138
0 0.6098155238426731 0.7934215106160808 0.034110685694396105 0.02888966237382527
0 0.641837800208841 0.7908109989557953 0.029933867037939436 0.03480682213713888
1 0.5957187608771319 0.8285764009745911 0.04838148277062304 0.04281239122868082
0 0.7375565610859729 0.796728158719109 0.05917159763313609 0.042464323007309436
0 0.7486947441698573 0.6815175774451793 0.05290636964845109 0.041768186564566656
1 0.8231813435433345 0.6771667246780368 0.04455273233553777 0.05603898364079359
1 0.9864253393665159 0.7687086668987122 0.025060911938739994 0.03933170901496694
1 0.9535328924469196 0.8418029933867038 0.035851026801253044 0.04698920988513749
1 0.9530107901148626 0.8920988513748694 0.041072050121823876 0.03689523146536721
0 0.9638009049773756 0.9415245388096067 0.04455273233553777 0.03967977723633832
0 0.9794639749390881 0.9702401670727463 0.03619909502262444 0.029585798816568046
1 0.8943612948137835 0.9255134006265228 0.050469892098851374 0.042464323007309436
0 0.8861816916115559 0.8623390184476157 0.04524886877828054 0.044204664114166375
0 0.8797424295161852 0.9622345979812044 0.05534284719805082 0.03793943612948138
0 0.8941872607030978 0.9860772711451444 0.04594500522102332 0.025060911938739994
0 0.7930734423947093 0.9178558997563523 0.04559693699965193 0.0403759136790811
1 0.8226592412112774 0.8727810650887574 0.04002784545770971 0.049773755656108594
1 0.6399234249912983 0.9573616428820049 0.02888966237382527 0.06091193873999304
1 0.6820396797772363 0.8550295857988166 0.049773755656108594 0.05255830142707971
0 0.7222415593456317 0.8927949878176122 0.05081796032022276 0.03828750435085277
1 0.8296206056387052 0.8104768534632788 0.04629307344239471 0.050469892098851374
0 0.9108945353289245 0.7958579881656804 0.03759136790810999 0.0435085276714236
1 0.751131221719457 0.9926905673512009 0.03828750435085277 0.01461886529759833
0 0.4564914723285764 0.8311869126348764 0.06369648451096414 0.04455273233553777
1 0.4244691959624086 0.7852419074138531 0.05464671075530804 0.041768186564566656
0 0.39627567003132613 0.9008005569091542 0.04698920988513749 0.04872955099199443
0 0.38722589627567006 0.9467455621301775 0.036547163243995824 0.03828750435085277
0 0.30368952314653674 0.9549251653324051 0.04907761921336582 0.050469892098851374
0 0.26209537069265576 0.9084580577793248 0.05151409676296554 0.04455273233553777
0 0.2297250261051166 0.8705186216498434 0.042464323007309436 0.03480682213713888
0 0.18865297598329273 0.8379742429516185 0.032718412808910545 0.05186216498433693
0 0.21353985381134702 0.7794987817612252 0.04698920988513749 0.0650887573964497
0 0.32492168465019144 0.8045596936999652 0.04838148277062304 0.04072398190045249
0 0.3031674208144796 0.740341106856944 0.05081796032022276 0.04942568743473721
0 0.26870866689871215 0.6870866689871215 0.03967977723633832 0.04524886877828054
0 0.20449008005569091 0.6938739993038635 0.04142011834319527 0.044204664114166375
1 0.17246780368952314 0.7229376957883745 0.03445875391576749 0.042464323007309436
1 0.23129133310128785 0.633310128785242 0.04698920988513749 0.04559693699965193
0 0.14688478941872607 0.6383571179951271 0.05290636964845109 0.042464323007309436
0 0.10459450052210233 0.6477549599721545 0.036547163243995824 0.03480682213713888
1 0.1555864949530108 0.5588235294117647 0.05360250609119387 0.04629307344239471
0 0.25060911938739994 0.5144448311869126 0.05777932474765054 0.04524886877828054
1 0.33449356073790465 0.5038287504350852 0.05847546119039332 0.05743125652627915
0 0.38357117995127044 0.46153846153846156 0.05847546119039332 0.04524886877828054
0 0.26018099547511314 0.441350504698921 0.04559693699965193 0.03689523146536721
0 0.19926905673512008 0.4187260703097807 0.04281239122868082 0.03132613992342499
0 0.18482422554820746 0.4571876087713192 0.05012182387747999 0.03933170901496694
0 0.13087365123564218 0.5121823877479986 0.047337278106508875 0.03376261747302471
0 0.07413853115210581 0.5224504002784546 0.041768186564566656 0.041072050121823876
1 0.031152105812739295 0.5224504002784546 0.04629307344239471 0.05290636964845109
0 0.04785938043856596 0.5932822833275322 0.03445875391576749 0.04142011834319527
0 0.05725722241559346 0.6327880264531848 0.05325443786982249 0.03828750435085277
1 0.06421858684302123 0.7948137835015663 0.044900800556909155 0.04072398190045249
0 0.0746606334841629 0.8219631047685346 0.026801253045596937 0.021928297946397494
0 0.07553080403759137 0.8602506091193874 0.05151409676296554 0.05395057431256526
0 0.15941524538809607 0.9101983988861817 0.04316045945005221 0.04316045945005221
0 0.15610859728506787 0.9617124956491472 0.030281935259310826 0.05012182387747999
0 0.04577097111033763 0.9467455621301775 0.050469892098851374 0.04316045945005221
0 0.05221023320570832 0.41385311521058127 0.048033414549251655 0.04872955099199443
1 0.7692307692307693 0.7286808214410024 0.05081796032022276 0.04142011834319527
