0 0.6792551340062652 0.6637091162143354 0.07205012182387747 0.059498956158663886
1 0.5978071702053602 0.5995128740431455 0.07344239470936303 0.05915100904662491
1 0.49860772711451445 0.5988169798190675 0.049773755656108594 0.06958942240779402
1 0.5426383571179951 0.6360473208072372 0.06056387051862165 0.05915100904662491
1 0.46327880264531845 0.5316631871955463 0.054994778976679426 0.05149617258176757
1 0.5515140967629656 0.4801670146137787 0.05743125652627915 0.05358385525400139
0 0.4939088061260007 0.47842727905358384 0.054994778976679426 0.05775922059846903
1 0.46362687086668986 0.41057759220598466 0.06056387051862165 0.059846903270702856
1 0.39244691959624084 0.3940501043841336 0.04211625478593804 0.05393180236604036
0 0.3259658893143056 0.4441544885177453 0.05395057431256526 0.059498956158663886
0 0.3565958927949878 0.5535838552540014 0.06926557605290637 0.09742519137091162
1 0.2619213365819701 0.5998608211551845 0.04629307344239471 0.04592901878914405
1 0.27479986077271146 0.6423103688239388 0.05464671075530804 0.04662491301322199
1 0.42586146884789416 0.7085942936673626 0.06021580229725026 0.06715379262352122
1 0.3894883397145841 0.7780097425191371 0.056387051862164986 0.06263048016701461
0 0.36199095022624433 0.7164231036882394 0.06474068917507832 0.05845511482254697
0 0.33762617473024714 0.6691022964509394 0.055690915419422206 0.05706332637439109
0 0.4260355029585799 0.6437021572720947 0.05290636964845109 0.055671537926235214
0 0.5471632439958232 0.720946416144746 0.03967977723633832 0.03479471120389701
1 0.8017751479289941 0.7359081419624217 0.06578489383919248 0.06541405706332637
1 0.9622345979812044 0.8001043841336117 0.06439262095370693 0.07063326374391092
1 0.8506787330316742 0.8107167710508003 0.07309432648799165 0.06402226861517049
0 0.8856595892794987 0.8794363256784968 0.051166028541594154 0.049060542797494784
1 0.7720153150017404 0.9210160055671538 0.056387051862164986 0.05219206680584551
0 0.7794987817612252 0.9679888656924147 0.051166028541594154 0.04523312456506611
0 0.677688827010094 0.9255393180236604 0.07100591715976332 0.07515657620041753
0 0.6705534284719805 0.8155880306193458 0.0804037591367908 0.0675017397355602
0 0.5551688130873651 0.8964857341684064 0.06056387051862165 0.060890744606819765
0 0.5109641489731988 0.8576896311760612 0.07170205360250609 0.07028531663187196
1 0.5509919944309084 0.9899095337508699 0.06891750783153498 0.020180932498260265
0 0.45857988165680474 0.9692066805845512 0.06021580229725026 0.061586638830897704
1 0.3797424295161852 0.9112734864300627 0.061260006961364424 0.05636743215031315
0 0.32370344587539157 0.8282881002087683 0.06404455273233554 0.07480862908837857
0 0.23233553776540203 0.8816979819067502 0.06160807518273582 0.06471816283924843
1 0.17890706578489385 0.8474251913709117 0.04594500522102332 0.058107167710508
0 0.083710407239819 0.9768615170494085 0.06160807518273582 0.04627696590118302
1 0.08545074834667594 0.8803061934585943 0.04907761921336582 0.05149617258176757
0 0.009571876087713193 0.9284968684759917 0.019143752175426385 0.03653444676409186
1 0.029933867037939436 0.7861864996520529 0.05986773407587887 0.06993736951983298
0 0.10180995475113122 0.7785316631871956 0.06369648451096414 0.06576200417536535
0 0.25861468847894187 0.7110299234516354 0.07379046293073442 0.0685455810716771
0 0.1740341106856944 0.7185107863604732 0.06682909850330665 0.06958942240779402
0 0.05795335885833623 0.6927627000695894 0.07065784893839193 0.06332637439109255
0 0.19352593108249216 0.6151704940848991 0.05708318830490776 0.06332637439109255
0 0.0903237034458754 0.5798538622129437 0.06369648451096414 0.06645789839944329
1 0.020361990950226245 0.5741127348643006 0.04072398190045249 0.04453723034098817
0 0.13243995823181343 0.5121781489213639 0.06300034806822137 0.06263048016701461
1 0.15663069961712495 0.43684759916492694 0.055690915419422206 0.0441892832289492
1 0.25304559693699963 0.5156576200417536 0.061260006961364424 0.05149617258176757
1 0.14688478941872607 0.32150313152400833 0.05847546119039332 0.04732080723729993
1 0.2579185520361991 0.2881002087682672 0.047337278106508875 0.05358385525400139
0 0.3209189001044205 0.2961029923451635 0.061260006961364424 0.060542797494780795
1 0.3665158371040724 0.29123173277661796 0.04872955099199443 0.05706332637439109
1 0.4500522102332057 0.28305497564370213 0.047337278106508875 0.0476687543493389
0 0.4777236338322311 0.24947807933194155 0.027497389488339713 0.028531663187195546
0 0.4537069265576053 0.24826026443980515 0.02262443438914027 0.025400139178844816
1 0.38966237382526975 0.21242171189979123 0.04838148277062304 0.05045233124565066
0 0.43508527671423597 0.1593597773138483 0.06752523494604942 0.05775922059846903
1 0.5076575008701706 0.1732776617954071 0.05673512008353637 0.04592901878914405
1 0.5175774451792551 0.11534446764091857 0.04872955099199443 0.03514265831593598
1 0.4422206752523495 0.10386221294363257 0.05603898364079359 0.04975643702157272
1 0.28367560041768186 0.1348295059151009 0.04316045945005221 0.049060542797494784
1 0.25408980160111383 0.18058455114822547 0.048033414549251655 0.06263048016701461
1 0.09571876087713192 0.11551844119693806 0.05290636964845109 0.061238691718858734
0 0.11903933170901497 0.07272094641614475 0.033414549251653325 0.03409881697981907
0 0.21615036547163244 0.07480862908837857 0.06265227984684998 0.049408489909533754
0 0.328576400974591 0.02940153096729297 0.05847546119039332 0.04279749478079332
0 0.09728506787330317 0.037752261656228255 0.0650887573964497 0.05184411969380654
0 0.02140619561434041 0.021572720946416143 0.04281239122868082 0.04314544189283229
0 0.10233205708318831 0.25748086290883787 0.08005569091541942 0.059846903270702856
0 0.030281935259310826 0.4521572720946416 0.05360250609119387 0.04558107167710508
1 0.6745562130177515 0.389178844815588 0.05429864253393665 0.061586638830897704
1 0.7264183780020884 0.4625956854558107 0.04942568743473721 0.05254001391788448
1 0.8005569091541942 0.4196242171189979 0.061260006961364424 0.07515657620041753
1 0.910024364775496 0.4726861517049408 0.05673512008353637 0.07132915796798886
0 0.9202923773059519 0.38535142658315935 0.06682909850330665 0.07550452331245651
0 0.8089105464671076 0.2981906750173974 0.05986773407587887 0.0744606819763396
0 0.769926905673512 0.37038970076548366 0.04594500522102332 0.05741127348643006
0 0.7229376957883745 0.27244258872651356 0.05986773407587887 0.0744606819763396
0 0.6970066132962061 0.22877522616562282 0.049773755656108594 0.05741127348643006
1 0.8699965193177863 0.18528183716075156 0.06926557605290637 0.06367432150313153
1 0.8783501566306996 0.13900487125956854 0.07065784893839193 0.0476687543493389
0 0.7883745214061956 0.14352818371607515 0.07309432648799165 0.06645789839944329
0 0.7140619561434041 0.16005567153792624 0.05673512008353637 0.055671537926235214
0 0.6336581970066133 0.18510786360473208 0.05743125652627915 0.05845511482254697
1 0.6595892794987818 0.12526096033402923 0.04316045945005221 0.049408489909533754
1 0.7265924121127741 0.08037578288100208 0.05743125652627915 0.05080027835768963
1 0.6072050121823878 0.054279749478079335 0.06021580229725026 0.05636743215031315
0 0.6202575704838148 0.10525400139178845 0.06265227984684998 0.05880306193458594
0 0.5087017055342847 0.06819763395963814 0.051166028541594154 0.03966597077244259
0 0.5600417681865646 0.2882741823242867 0.061260006961364424 0.060194850382741825
0 0.6366167768882701 0.32950591510090466 0.06056387051862165 0.06819763395963814
0 0.56265227984685 0.3803061934585943 0.05743125652627915 0.05636743215031315
0 0.6179951270449008 0.4685107863604732 0.059519665854507485 0.06367432150313153
0 0.6952662721893491 0.5671537926235213 0.06230421162547859 0.06471816283924843
0 0.7260703097807171 0.5339248434237995 0.04385659589279499 0.0441892832289492
0 0.7694048033414549 0.557759220598469 0.044204664114166375 0.05636743215031315
0 0.8083884441350505 0.5723729993041058 0.0435085276714236 0.05636743215031315
0 0.8769578837452141 0.5687195546276966 0.06160807518273582 0.06784968684759916
0 0.9530107901148626 0.6480514961725817 0.03689523146536721 0.03583855254001392
0 0.8891402714932126 0.6518789144050104 0.04907761921336582 0.05671537926235212
0 0.7913331012878524 0.6424843423799582 0.06578489383919248 0.06367432150313153
1 0.9745910198398886 0.2673973556019485 0.04942568743473721 0.06715379262352122
0 0.9684998259658893 0.055323590814196244 0.06300034806822137 0.06471816283924843
