1 0.020013922728854855 0.013400626522798468 0.03863557257222416 0.023320570831883047
0 0.12286808214410025 0.042986425339366516 0.04385659589279499 0.04142011834319527
0 0.10581273929690219 0.08475461190393317 0.04455273233553777 0.04072398190045249
0 0.08649495301079012 0.11834319526627218 0.037243299686738604 0.030630003480682212
1 0.18847894187260703 0.018447615732683605 0.044204664114166375 0.03619909502262444
1 0.23007309432648798 0.032718412808910545 0.041768186564566656 0.04872955099199443
1 0.25600417681865645 0.06665506439262095 0.04559693699965193 0.03167420814479638
0 0.2908109989557953 0.01618517229376958 0.044204664114166375 0.029585798816568046
1 0.38270100939784196 0.03672119735468152 0.04281239122868082 0.03933170901496694
1 0.40776192133658196 0.06160807518273582 0.05325443786982249 0.042464323007309436
1 0.3976679429168117 0.10407239819004525 0.0435085276714236 0.041768186564566656
1 0.3386703793943613 0.11573268360598678 0.03967977723633832 0.036547163243995824
1 0.26279150713539856 0.1641141663766098 0.03550295857988166 0.04559693699965193
1 0.47250261051166026 0.13418029933867037 0.04072398190045249 0.03515489035851027
0 0.5450748346675949 0.09711103376261747 0.047337278106508875 0.03689523146536721
0 0.5696136442742777 0.025583014270797077 0.04838148277062304 0.04768534632788026
0 0.6226940480334145 0.10076575008701706 0.05081796032022276 0.04211625478593804
0 0.6721197354681517 0.07013574660633484 0.041768186564566656 0.05186216498433693
0 0.740341106856944 0.02610511660285416 0.03550295857988166 0.05081796032022276
0 0.7852419074138531 0.033936651583710405 0.04594500522102332 0.04211625478593804
0 0.820048729550992 0.05708318830490776 0.06404455273233554 0.04524886877828054
0 0.9326487991646363 0.04316045945005221 0.06021580229725026 0.05986773407587887
1 0.9803341454925165 0.17594848590323703 0.03933170901496694 0.05743125652627915
0 0.8941872607030978 0.23459798120431605 0.047337278106508875 0.03898364079359554
0 0.9684998259658893 0.30247128437173687 0.05325443786982249 0.05360250609119387
0 0.903759136790811 0.29063696484510965 0.05395057431256526 0.047337278106508875
1 0.7285067873303167 0.12843717368604246 0.05081796032022276 0.05081796032022276
1 0.6762965541246084 0.1707274625826662 0.03898364079359554 0.03515489035851027
1 0.6641141663766098 0.2149321266968326 0.0403759136790811 0.05603898364079359
0 0.7387747998607727 0.23337974242951617 0.04698920988513749 0.05603898364079359
0 0.5884093282283328 0.16202575704838149 0.04142011834319527 0.044900800556909155
0 0.5838844413505047 0.20640445527323356 0.05673512008353637 0.042464323007309436
1 0.4939088061260007 0.1712495649147233 0.041768186564566656 0.03898364079359554
0 0.42673163940132264 0.19926905673512008 0.05012182387747999 0.04559693699965193
0 0.4103724329968674 0.2361642882004873 0.04316045945005221 0.044900800556909155
0 0.3384963452836756 0.2024016707274626 0.04907761921336582 0.051166028541594154
0 0.46971806474068917 0.27201531500174037 0.03515489035851027 0.051166028541594154
0 0.5288896623738253 0.2727114514444831 0.04142011834319527 0.04838148277062304
1 0.2873303167420814 0.26139923424991296 0.04281239122868082 0.04524886877828054
1 0.1735120083536373 0.13156978767838495 0.05395057431256526 0.05708318830490776
0 0.10650887573964497 0.1675948485903237 0.041072050121823876 0.03793943612948138
0 0.1677688827010094 0.2297250261051166 0.041768186564566656 0.033414549251653325
0 0.14079359554472676 0.211277410372433 0.03445875391576749 0.03898364079359554
0 0.03880960668290985 0.18847894187260703 0.050469892098851374 0.03933170901496694
0 0.038461538461538464 0.25704838148277065 0.05673512008353637 0.06439262095370693
1 0.1280891054646711 0.27567003132613993 0.041768186564566656 0.046641141663766095
0 0.1801253045596937 0.3327532196310477 0.04211625478593804 0.032718412808910545
0 0.05360250609119387 0.31830838844413506 0.02297250261051166 0.021232161503654718
0 0.022276366167768884 0.31569787678384964 0.03759136790810999 0.021580229725026105
0 0.07796728158719109 0.3705186216498434 0.04455273233553777 0.04768534632788026
0 0.038461538461538464 0.34946049425687437 0.04281239122868082 0.03828750435085277
1 0.03045596936999652 0.38618169161155586 0.044204664114166375 0.04072398190045249
0 0.020013922728854855 0.431082492168465 0.02888966237382527 0.02888966237382527
0 0.06456665506439262 0.45127044900800556 0.037243299686738604 0.04698920988513749
0 0.03672119735468152 0.48329272537417334 0.03237034458753916 0.03933170901496694
1 0.1928297946397494 0.406021580229725 0.04942568743473721 0.03793943612948138
0 0.16550643926209538 0.5099199443090846 0.05186216498433693 0.04594500522102332
0 0.10320222763661678 0.552384267316394 0.04698920988513749 0.05151409676296554
0 0.15715280194918205 0.7064044552732336 0.04838148277062304 0.05395057431256526
0 0.23703445875391577 0.7568743473720849 0.05290636964845109 0.05603898364079359
1 0.298990602158023 0.6773407587887226 0.04455273233553777 0.042464323007309436
1 0.33083884441350503 0.6277410372432997 0.058127392969021925 0.03933170901496694
0 0.4072398190045249 0.6079011486251306 0.04594500522102332 0.03376261747302471
0 0.3658197006613296 0.7147580925861469 0.03759136790810999 0.04281239122868082
1 0.3891402714932127 0.7678384963452837 0.05429864253393665 0.056387051862164986
0 0.4787678384963453 0.6843021232161504 0.04698920988513749 0.04942568743473721
1 0.46449704142011833 0.6237382526975287 0.03863557257222416 0.042464323007309436
0 0.4545770971110338 0.5469892098851374 0.03480682213713888 0.044900800556909155
0 0.48016011138183085 0.5031326139923425 0.044900800556909155 0.024712843717368604
0 0.5087017055342847 0.5236686390532544 0.027497389488339713 0.04002784545770971
0 0.5217542638357118 0.5581273929690219 0.03967977723633832 0.03793943612948138
1 0.468673860076575 0.46240863209189004 0.05255830142707971 0.03933170901496694
0 0.39610163592064046 0.43351896971806475 0.046641141663766095 0.03515489035851027
1 0.3875739644970414 0.39819004524886875 0.04002784545770971 0.03202227636616777
0 0.44970414201183434 0.31447963800904977 0.041768186564566656 0.03515489035851027
1 0.5828402366863905 0.4067177166724678 0.04768534632788026 0.04907761921336582
1 0.5522102332057083 0.46675948485903235 0.03863557257222416 0.04316045945005221
1 0.5871910894535329 0.5078315349808562 0.03619909502262444 0.03967977723633832
1 0.5951966585450749 0.5449008005569091 0.03967977723633832 0.03515489035851027
0 0.5708318830490776 0.5701357466063348 0.04455273233553777 0.030630003480682212
0 0.6822137138879221 0.5165332405151409 0.03759136790810999 0.046641141663766095
0 0.6340062652279846 0.4662373825269753 0.036547163243995824 0.04211625478593804
1 0.6675948485903237 0.4195962408632092 0.05847546119039332 0.04002784545770971
0 0.6743821789070658 0.3898364079359554 0.012878524190741385 0.01461886529759833
0 0.6677688827010094 0.3438914027149321 0.05255830142707971 0.04872955099199443
0 0.7283327532196311 0.38461538461538464 0.04072398190045249 0.03689523146536721
0 0.780194918203968 0.36164288200487293 0.05186216498433693 0.03898364079359554
0 0.7946397493908807 0.40184476157326837 0.03828750435085277 0.028193525931082493
0 0.7683605986773407 0.42777584406543684 0.04629307344239471 0.03689523146536721
0 0.7706230421162548 0.4688478941872607 0.04872955099199443 0.034110685694396105
0 0.7312913331012878 0.504002784545771 0.03480682213713888 0.0403759136790811
1 0.8569439610163592 0.42359902540898015 0.04316045945005221 0.03967977723633832
0 0.8623390184476157 0.3771319178558998 0.05186216498433693 0.04281239122868082
0 0.8713887922032718 0.48520710059171596 0.04768534632788026 0.04594500522102332
0 0.9389140271493213 0.44865993734772014 0.0650887573964497 0.06613296206056388
1 0.9815523842673164 0.5027845457709711 0.03480682213713888 0.04698920988513749
0 0.9008005569091542 0.5605638705186217 0.026453184824225547 0.03376261747302471
0 0.7702749738948834 0.6127741037243299 0.05081796032022276 0.0435085276714236
1 0.6742081447963801 0.6146884789418726 0.05081796032022276 0.04385659589279499
0 0.6522798468499826 0.6470588235294118 0.041768186564566656 0.02923773059519666
0 0.9310824921684651 0.7177166724678037 0.06682909850330665 0.03480682213713888
0 0.8830490776192134 0.7544378698224852 0.0403759136790811 0.036547163243995824
0 0.7540898016011138 0.7391228680821441 0.05534284719805082 0.037243299686738604
0 0.7326836059867734 0.7076226940480335 0.04385659589279499 0.02923773059519666
1 0.6613296206056387 0.7213713887922033 0.05917159763313609 0.050469892098851374
0 0.6738600765750087 0.7640097459101984 0.03828750435085277 0.02575704838148277
0 0.6682909850330665 0.7975983292725374 0.03689523146536721 0.03237034458753916
0 0.5645666550643926 0.8146536721197355 0.06334841628959276 0.05255830142707971
0 0.8351896971806474 0.8400626522798469 0.027497389488339713 0.03376261747302471
0 0.7192829794639749 0.8938391924817264 0.06160807518273582 0.04316045945005221
0 0.5753567699269057 0.9638009049773756 0.04594500522102332 0.056387051862164986
0 0.4711103376261747 0.9364775495997215 0.05743125652627915 0.05325443786982249
0 0.3814827706230421 0.9392620953706926 0.05429864253393665 0.05186216498433693
0 0.265402018795684 0.947615732683606 0.04211625478593804 0.04142011834319527
1 0.2615732683605987 0.8926209537069265 0.04768534632788026 0.04211625478593804
0 0.3289244691959624 0.843369300382875 0.03967977723633832 0.04942568743473721
0 0.23024712843717368 0.8506787330316742 0.04559693699965193 0.03828750435085277
0 0.15471632439958233 0.9329968673860076 0.0748346675948486 0.0804037591367908
0 0.06091193873999304 0.8501566306996171 0.05429864253393665 0.04907761921336582
1 0.41454925165332407 0.7894187260703098 0.03828750435085277 0.03132613992342499
