1 0.2359902540898016 0.5471632439958232 0.06265227984684998 0.05777932474765054
1 0.19021928297946397 0.6117298990602158 0.050469892098851374 0.04629307344239471
1 0.12669683257918551 0.5971110337626174 0.06682909850330665 0.06230421162547859
0 0.16289592760180996 0.6468847894187261 0.05917159763313609 0.04002784545770971
1 0.14079359554472676 0.8705186216498434 0.059519665854507485 0.04872955099199443
0 0.10006961364427427 0.9178558997563523 0.06926557605290637 0.05290636964845109
0 0.1615036547163244 0.9509223807866342 0.06265227984684998 0.061956143404107204
0 0.309780717020536 0.901496693351897 0.09258614688478942 0.07935955447267665
1 0.8713887922032718 0.5910198398886182 0.05743125652627915 0.06822137138879221
1 0.9822485207100592 0.5120083536373129 0.03550295857988166 0.05012182387747999
0 0.9039331709014967 0.431082492168465 0.061260006961364424 0.05325443786982249
1 0.8419770274973895 0.40236686390532544 0.05360250609119387 0.06543682561782109
1 0.8948833971458405 0.33379742429516185 0.05081796032022276 0.03480682213713888
0 0.9086320918900105 0.3693003828750435 0.04072398190045249 0.03898364079359554
0 0.9352593108249216 0.30873651235642185 0.032718412808910545 0.03550295857988166
1 0.9871214758092586 0.6985729202923773 0.02575704838148277 0.061956143404107204
1 0.920814479638009 0.7145840584754611 0.0650887573964497 0.07796728158719109
1 0.7915071353985381 0.71179951270449 0.05012182387747999 0.05360250609119387
0 0.7024016707274626 0.11016359206404455 0.06961364427427776 0.08527671423599026
0 0.8759136790810998 0.16863905325443787 0.06787330316742081 0.06926557605290637
0 0.9462234597981204 0.08440654368256179 0.04768534632788026 0.06160807518273582
0 0.554646710755308 0.13748694744169856 0.058823529411764705 0.05429864253393665
1 0.7828054298642534 0.04316045945005221 0.046641141663766095 0.05151409676296554
0 0.7116254785938044 0.01983988861816916 0.03793943612948138 0.03967977723633832
0 0.47093630351548904 0.06543682561782109 0.06056387051862165 0.06822137138879221
0 0.33658197006613294 0.1054646710755308 0.10372432996867385 0.07239819004524888
0 0.13104768534632788 0.05917159763313609 0.05255830142707971 0.061956143404107204
0 0.9737208492864602 0.20309780717020537 0.04211625478593804 0.059519665854507485
1 0.6957883745214062 0.6956143404107205 0.05360250609119387 0.06230421162547859
1 0.5381134702401671 0.6686390532544378 0.05917159763313609 0.04524886877828054
1 0.6475809258614689 0.7707970762269405 0.044204664114166375 0.04768534632788026
0 0.5652627915071354 0.7794987817612252 0.06334841628959276 0.05395057431256526
0 0.5576052906369648 0.7238078663418029 0.05081796032022276 0.05673512008353637
1 0.3442394709363035 0.68795683954055 0.048033414549251655 0.05603898364079359
1 0.2584406543682562 0.4429168116950922 0.06787330316742081 0.049773755656108594
1 0.4041072050121824 0.4505743125652628 0.03759136790810999 0.049773755656108594
1 0.45892794987817614 0.46397493908806126 0.04768534632788026 0.03967977723633832
0 0.4777236338322311 0.4940828402366864 0.036547163243995824 0.03445875391576749
1 0.27149321266968324 0.2908109989557953 0.05917159763313609 0.044900800556909155
1 0.38652975983292726 0.3190045248868778 0.05325443786982249 0.04838148277062304
1 0.2984684998259659 0.21406195614340412 0.058127392969021925 0.05290636964845109
0 0.1712495649147233 0.19718064740689176 0.05012182387747999 0.050469892098851374
0 0.09450052210233206 0.12391228680821441 0.059519665854507485 0.05708318830490776
0 0.14148973198746953 0.12478245736164288 0.027497389488339713 0.03793943612948138
1 0.8069961712495649 0.5073094326487991 0.05534284719805082 0.04559693699965193
0 0.7006613296206057 0.47372084928646013 0.06056387051862165 0.0403759136790811
0 0.7264183780020884 0.3421510616080752 0.056387051862164986 0.061956143404107204
0 0.640097459101984 0.2977723633832231 0.04594500522102332 0.04907761921336582
0 0.5988513748694744 0.278454577097111 0.051166028541594154 0.061260006961364424
1 0.4993038635572572 0.26244343891402716 0.058823529411764705 0.07239819004524888
1 0.4698920988513749 0.236338322311173 0.048033414549251655 0.05290636964845109
0 0.5487295509919944 0.3670379394361295 0.044900800556909155 0.06717716672467804
0 0.4719805081796032 0.38304907761921336 0.054994778976679426 0.04907761921336582
0 0.6101635920640446 0.4284719805081796 0.04594500522102332 0.06613296206056388
0 0.8078663418029934 0.2948137835015663 0.041072050121823876 0.05151409676296554
0 0.8466759484859032 0.2794987817612252 0.044204664114166375 0.042464323007309436
0 0.8820048729550992 0.2855899756352245 0.03828750435085277 0.04142011834319527
0 0.08980160111381831 0.3230073094326488 0.054994778976679426 0.05777932474765054
0 0.0403759136790811 0.2767142359902541 0.041768186564566656 0.03619909502262444
1 0.1179951270449008 0.4596240863209189 0.061260006961364424 0.05186216498433693
1 0.04124608423250957 0.4930386355725722 0.04072398190045249 0.04559693699965193
0 0.058823529411764705 0.5315001740341107 0.03480682213713888 0.03759136790810999
0 0.02018795683954055 0.5628263139575357 0.03898364079359554 0.05221023320570832
0 0.08510268012530456 0.6038983640793596 0.03237034458753916 0.041768186564566656
0 0.16237382526975286 0.719805081796032 0.06996171249564914 0.06474068917507832
0 0.1117298990602158 0.6625478593804386 0.05151409676296554 0.03515489035851027
0 0.056909154194222066 0.7057083188304908 0.058823529411764705 0.05186216498433693
0 0.03480682213713888 0.6167768882701009 0.04594500522102332 0.05012182387747999
0 0.3355377654020188 0.6145144448311869 0.05847546119039332 0.06648103028193526
0 0.4316045945005221 0.5932822833275322 0.06056387051862165 0.04629307344239471
0 0.32788026453184826 0.5156630699617125 0.06056387051862165 0.051166028541594154
0 0.25826662025757047 0.6265227984684998 0.05221023320570832 0.046641141663766095
1 0.23529411764705882 0.7838496345283675 0.061260006961364424 0.05151409676296554
1 0.25878872258962754 0.8118691263487644 0.07553080403759137 0.06648103028193526
0 0.3851374869474417 0.7955099199443091 0.04211625478593804 0.06369648451096414
0 0.4289940828402367 0.820048729550992 0.04559693699965193 0.05708318830490776
0 0.03289244691959624 0.7986425339366516 0.06091193873999304 0.05534284719805082
0 0.7737556561085973 0.41698572920292376 0.05081796032022276 0.04455273233553777
0 0.13783501566306997 0.5332405151409676 0.056387051862164986 0.05012182387747999
1 0.5539505743125652 0.8677340758788723 0.0435085276714236 0.05081796032022276
1 0.5596936999651931 0.9542290288896623 0.06334841628959276 0.04907761921336582
0 0.679429168116951 0.9585798816568047 0.054994778976679426 0.056387051862164986
1 0.7753219631047685 0.8940132265924121 0.050469892098851374 0.04698920988513749
0 0.6742081447963801 0.8144796380090498 0.03898364079359554 0.04385659589279499
0 0.6352245040027845 0.8510268012530456 0.04455273233553777 0.05290636964845109
0 0.5076575008701706 0.8943612948137835 0.04072398190045249 0.058823529411764705
1 0.4935607379046293 0.9530107901148626 0.03132613992342499 0.04455273233553777
1 0.47337278106508873 0.9258614688478942 0.04942568743473721 0.04385659589279499
0 0.7930734423947093 0.8202227636616777 0.06300034806822137 0.06578489383919248
0 0.7258962756700313 0.8240515140967629 0.0685694396101636 0.08318830490776193
0 0.8842673163940132 0.8219631047685346 0.06021580229725026 0.06717716672467804
1 0.9944309084580578 0.8268360598677341 0.011138183083884442 0.03376261747302471
0 0.9566655064392621 0.8386703793943613 0.06230421162547859 0.059519665854507485
0 0.970936303515489 0.8971458405847547 0.058127392969021925 0.05395057431256526
0 0.8583362339018448 0.910024364775496 0.06334841628959276 0.07274625826662026
0 0.23755656108597284 0.9599721545422902 0.07970762269404803 0.06752523494604942
1 0.4251653324051514 0.9839888618169161 0.03793943612948138 0.03202227636616777
0 0.4557953358858336 0.731813435433345 0.05464671075530804 0.04559693699965193
0 0.4495301079011486 0.6968325791855203 0.0435085276714236 0.029933867037939436
0 0.40584754611903934 0.6670727462582666 0.05290636964845109 0.05395057431256526
0 0.5462930734423947 0.6239122868082144 0.04211625478593804 0.04142011834319527
0 0.5885833623390184 0.5896275670031326 0.04455273233553777 0.05847546119039332
1 0.5490776192133658 0.5485555168813088 0.037243299686738604 0.03480682213713888
0 0.48659937347720156 0.5783153498085625 0.041768186564566656 0.037243299686738604
0 0.4895579533588583 0.5342847198050817 0.049773755656108594 0.048033414549251655
0 0.5534284719805082 0.44900800556909154 0.04872955099199443 0.041072050121823876
0 0.6388792203271841 0.5078315349808562 0.05534284719805082 0.04455273233553777
0 0.7133658197006614 0.5659589279498781 0.04002784545770971 0.05429864253393665
0 0.6688130873651236 0.6159067177166725 0.05603898364079359 0.05534284719805082
0 0.6501914375217542 0.554124608423251 0.05290636964845109 0.04455273233553777
0 0.801253045596937 0.653150017403411 0.05081796032022276 0.04698920988513749
0 0.9608423250957188 0.5931082492168465 0.051166028541594154 0.05777932474765054
0 0.3418029933867038 0.035851026801253044 0.07866341802993387 0.06613296206056388
