1 0.43247476505395055 0.21729297146833682 0.04559693699965193 0.0511482254697286
0 0.5508179603202228 0.313848295059151 0.0804037591367908 0.06402226861517049
1 0.6322659241211277 0.28897007654836465 0.04281239122868082 0.05254001391788448
1 0.5348068221371389 0.6238691718858733 0.05603898364079359 0.05288796102992345
1 0.4777236338322311 0.6336116910229646 0.05395057431256526 0.04314544189283229
1 0.6254785938043856 0.7042449547668754 0.05847546119039332 0.04871259568545581
0 0.6681169509223808 0.36673625608907445 0.0435085276714236 0.04871259568545581
0 0.627567003132614 0.42501739735560196 0.04594500522102332 0.05254001391788448
0 0.7474765053950574 0.46207376478775225 0.04281239122868082 0.04662491301322199
1 0.8691263487643578 0.45563674321503134 0.041768186564566656 0.04210160055671538
0 0.9267316394013226 0.5358385525400139 0.05255830142707971 0.05775922059846903
0 0.841106856943961 0.5687195546276966 0.0685694396101636 0.058107167710508
0 0.966411416637661 0.6308281141266527 0.06369648451096414 0.04592901878914405
0 0.9662373825269753 0.7533054975643703 0.05429864253393665 0.0848990953375087
0 0.8480682213713888 0.7466945024356297 0.051166028541594154 0.054975643702157274
0 0.8466759484859032 0.8009742519137091 0.06369648451096414 0.05636743215031315
0 0.9556213017751479 0.8705636743215032 0.06578489383919248 0.07585247042449547
0 0.8028193525931082 0.9097077244258872 0.04142011834319527 0.04627696590118302
0 0.6945701357466063 0.8684759916492694 0.05255830142707971 0.04453723034098817
0 0.6434041072050122 0.8300278357689631 0.04281239122868082 0.07480862908837857
0 0.5670031326139924 0.9455462769659012 0.05986773407587887 0.04488517745302714
1 0.4638009049773756 0.9792971468336813 0.049773755656108594 0.04140570633263744
1 0.41385311521058127 0.975991649269311 0.05777932474765054 0.04801670146137787
0 0.3675600417681866 0.8474251913709117 0.04524886877828054 0.04836464857341684
1 0.33640793595544727 0.889874739039666 0.04629307344239471 0.04558107167710508
0 0.1985729202923773 0.9302366040361865 0.05534284719805082 0.06228253305497564
1 0.11381830838844413 0.988169798190675 0.07657500870170554 0.023660403618649965
0 0.08649495301079012 0.7976687543493389 0.07553080403759137 0.06437021572720947
0 0.22276366167768882 0.784794711203897 0.05708318830490776 0.0511482254697286
0 0.1679429168116951 0.7011134307585247 0.05534284719805082 0.055671537926235214
1 0.20100939784197702 0.6181280445372304 0.04559693699965193 0.06228253305497564
0 0.11660285415941525 0.5918580375782881 0.047337278106508875 0.06471816283924843
0 0.05255830142707971 0.6468336812804454 0.054994778976679426 0.03549060542797495
1 0.026801253045596937 0.6090814196242171 0.05360250609119387 0.04349338900487126
1 0.42116254785938045 0.6776270006958942 0.06613296206056388 0.06576200417536535
0 0.48677340758788723 0.749652052887961 0.07553080403759137 0.054627696590118305
0 0.40932822833275323 0.36325678496868474 0.07170205360250609 0.05010438413361169
0 0.433344935607379 0.5013917884481559 0.05290636964845109 0.06958942240779402
1 0.33762617473024714 0.43806541405706334 0.05986773407587887 0.04384133611691023
0 0.31517577445179257 0.4815588030619346 0.06021580229725026 0.04384133611691023
0 0.17246780368952314 0.4733820459290188 0.05603898364079359 0.0838552540013918
0 0.09867734075878873 0.4721642310368824 0.06160807518273582 0.0675017397355602
0 0.03132613992342499 0.42049408489909534 0.05290636964845109 0.05393180236604036
0 0.772189349112426 0.6562282533054976 0.06717716672467804 0.06332637439109255
1 0.6903933170901496 0.6202157272094642 0.06160807518273582 0.055323590814196244
0 0.5951966585450749 0.5619345859429367 0.06961364427427776 0.05010438413361169
0 0.7453880960668291 0.3451635351426583 0.058127392969021925 0.05358385525400139
1 0.8891402714932126 0.3639526791927627 0.05603898364079359 0.061934585942936674
0 0.9523146536721198 0.40518441196938065 0.055690915419422206 0.05393180236604036
0 0.8609467455621301 0.3004523312456507 0.05255830142707971 0.04975643702157272
0 0.9394361294813783 0.255741127348643 0.054994778976679426 0.055671537926235214
0 0.8461538461538461 0.23695198329853862 0.06056387051862165 0.05706332637439109
0 0.28367560041768186 0.34951287404314546 0.08492864601461887 0.07550452331245651
0 0.31761225200139226 0.22860125260960334 0.058823529411764705 0.05288796102992345
0 0.26627218934911245 0.2510438413361169 0.05847546119039332 0.03931802366040362
0 0.1893491124260355 0.2508698677800974 0.0403759136790811 0.04384133611691023
0 0.1303515489035851 0.28914405010438415 0.06648103028193526 0.07237299930410578
0 0.21040723981900453 0.21572720946416143 0.044204664114166375 0.033402922755741124
0 0.17768882701009397 0.15988169798190674 0.05255830142707971 0.054627696590118305
0 0.27532196310476853 0.13674321503131523 0.04385659589279499 0.05706332637439109
0 0.3755656108597285 0.10107863604732081 0.06961364427427776 0.058107167710508
0 0.4535328924469196 0.1440501043841336 0.05847546119039332 0.06471816283924843
0 0.5349808562478245 0.17640918580375783 0.05221023320570832 0.05915100904662491
0 0.5743125652627915 0.21920668058455114 0.05081796032022276 0.04801670146137787
1 0.6721197354681517 0.14578983994432845 0.06334841628959276 0.03966597077244259
0 0.021232161503654718 0.21729297146833682 0.042464323007309436 0.0720250521920668
0 0.0840584754611904 0.16196938065414057 0.059519665854507485 0.04210160055671538
0 0.1827358162199791 0.06541405706332637 0.04872955099199443 0.04453723034098817
1 0.24382178907065785 0.05915100904662491 0.06369648451096414 0.06680584551148225
0 0.07796728158719109 0.04645093945720251 0.05917159763313609 0.05393180236604036
0 0.11312217194570136 0.022268615170494086 0.05081796032022276 0.03897007654836465
0 0.5419422206752523 0.05723729993041058 0.08284023668639054 0.061586638830897704
0 0.8649495301079011 0.11691022964509394 0.05777932474765054 0.04662491301322199
0 0.9625826662025757 0.1000347947112039 0.06369648451096414 0.05323590814196242
0 0.7730595196658545 0.081419624217119 0.04594500522102332 0.04384133611691023
1 0.7547859380438566 0.04314544189283229 0.03793943612948138 0.05080027835768963
