0 0.37991646362687087 0.6505395057431257 0.04698920988513749 0.048033414549251655
1 0.5212321615036547 0.5786634180299338 0.04002784545770971 0.04698920988513749
1 0.24399582318134355 0.7629655412460842 0.03898364079359554 0.046641141663766095
0 0.2988165680473373 0.8256178210929342 0.06439262095370693 0.05986773407587887
0 0.21232161503654717 0.8529411764705882 0.07379046293073442 0.05255830142707971
1 0.2638357117995127 0.9265576052906369 0.05360250609119387 0.05429864253393665
1 0.17612252001392273 0.9246432300730943 0.054994778976679426 0.04838148277062304
0 0.08336233901844761 0.9256874347372085 0.04629307344239471 0.04768534632788026
0 0.08945353289244692 0.9711103376261747 0.04524886877828054 0.03967977723633832
0 0.15697876783849635 0.9599721545422902 0.047337278106508875 0.034110685694396105
0 0.1517577445179255 0.7486947441698573 0.054994778976679426 0.046641141663766095
0 0.15941524538809607 0.6985729202923773 0.041768186564566656 0.041072050121823876
0 0.05969369996519318 0.7542638357117996 0.06091193873999304 0.0403759136790811
1 0.8799164636268708 0.7960320222763662 0.06613296206056388 0.05986773407587887
0 0.8995823181343543 0.8548555516881309 0.05255830142707971 0.048033414549251655
0 0.857640097459102 0.8588583362339018 0.032718412808910545 0.05603898364079359
0 0.906021580229725 0.9636268708666899 0.056387051862164986 0.051166028541594154
0 0.9128089105464671 0.6481030281935259 0.05395057431256526 0.05151409676296554
1 0.9138531152105813 0.5436825617821093 0.04698920988513749 0.056387051862164986
1 0.8243995823181344 0.5339366515837104 0.04142011834319527 0.03689523146536721
1 0.7986425339366516 0.5591715976331361 0.04768534632788026 0.04768534632788026
1 0.8532892446919597 0.589975635224504 0.04211625478593804 0.046641141663766095
1 0.768186564566655 0.5038287504350852 0.03480682213713888 0.044900800556909155
1 0.8014270797076227 0.4998259658893143 0.04072398190045249 0.03828750435085277
0 0.8214410024364776 0.611033762617473 0.05429864253393665 0.04211625478593804
0 0.8191785589975635 0.6458405847546119 0.06369648451096414 0.04002784545770971
0 0.7297250261051166 0.6907413853115211 0.06230421162547859 0.06717716672467804
0 0.6768186564566655 0.7714932126696833 0.04002784545770971 0.04281239122868082
0 0.6494953010790114 0.7304211625478594 0.056387051862164986 0.06091193873999304
1 0.5616080751827358 0.7520013922728855 0.058823529411764705 0.05395057431256526
1 0.5838844413505047 0.8127392969021928 0.04838148277062304 0.05777932474765054
0 0.4973894883397146 0.780194918203968 0.048033414549251655 0.06160807518273582
0 0.44831186912634874 0.7781065088757396 0.047337278106508875 0.051166028541594154
0 0.4126348764357814 0.8501566306996171 0.06300034806822137 0.050469892098851374
0 0.5116602854159416 0.8894883397145841 0.07170205360250609 0.07274625826662026
1 0.7655760529063697 0.8197006613296206 0.03793943612948138 0.03619909502262444
0 0.7695788374521406 0.8550295857988166 0.048033414549251655 0.05534284719805082
0 0.7211973546815176 0.8538113470240167 0.041072050121823876 0.04872955099199443
0 0.7250261051166028 0.8197006613296206 0.048033414549251655 0.03967977723633832
0 0.7224155934563175 0.5882352941176471 0.07413853115210581 0.06961364427427776
0 0.6498433693003829 0.5485555168813088 0.05847546119039332 0.03828750435085277
0 0.7231117298990603 0.5074834667594849 0.04281239122868082 0.033414549251653325
0 0.6618517229376958 0.5087017055342847 0.06439262095370693 0.04698920988513749
0 0.9745910198398886 0.7478245736164288 0.047337278106508875 0.06369648451096414
0 0.9698920988513748 0.513052558301427 0.04838148277062304 0.047337278106508875
0 0.910546467107553 0.47406891750783153 0.04385659589279499 0.054994778976679426
0 0.932822833275322 0.4251653324051514 0.0403759136790811 0.051166028541594154
1 0.9194222067525235 0.38739993038635573 0.05255830142707971 0.04524886877828054
0 0.9730247128437174 0.3162199791159067 0.05395057431256526 0.05603898364079359
1 0.8973198746954403 0.3552036199095023 0.041072050121823876 0.04698920988513749
1 0.8734772015315002 0.4171597633136095 0.04281239122868082 0.04142011834319527
1 0.8799164636268708 0.31830838844413506 0.04385659589279499 0.04002784545770971
0 0.8543334493560738 0.4625826662025757 0.03793943612948138 0.03828750435085277
0 0.820048729550992 0.4679777236338322 0.034110685694396105 0.036547163243995824
0 0.7901148625130525 0.4378698224852071 0.03480682213713888 0.04455273233553777
0 0.8026453184824226 0.3198746954403063 0.03967977723633832 0.03480682213713888
1 0.8136094674556213 0.3571179951270449 0.04211625478593804 0.03689523146536721
0 0.8087365123564219 0.39279498781761224 0.04698920988513749 0.03445875391576749
1 0.7687086668987122 0.35381134702401673 0.04629307344239471 0.04002784545770971
1 0.7499129829446571 0.3999303863557257 0.03167420814479638 0.03967977723633832
1 0.7128437173686043 0.3941872607030978 0.04385659589279499 0.044900800556909155
0 0.7432996867386008 0.43317090149669335 0.03237034458753916 0.04002784545770971
0 0.5964148973198747 0.4375217542638357 0.058823529411764705 0.055690915419422206
1 0.6709014966933519 0.453880960668291 0.05673512008353637 0.05081796032022276
0 0.7264183780020884 0.4629307344239471 0.05986773407587887 0.05151409676296554
0 0.6604594500522102 0.3482422554820745 0.05603898364079359 0.058823529411764705
0 0.7149321266968326 0.3343195266272189 0.047337278106508875 0.03793943612948138
0 0.7405151409676296 0.3050817960320223 0.04768534632788026 0.04907761921336582
0 0.6242603550295858 0.6174730247128437 0.04907761921336582 0.047337278106508875
0 0.3466759484859032 0.7043160459450052 0.042464323007309436 0.0435085276714236
0 0.2974242951618517 0.7130177514792899 0.058823529411764705 0.05534284719805082
0 0.36077271145144446 0.518795683954055 0.06160807518273582 0.05255830142707971
1 0.31482770623042117 0.5790114862513053 0.05743125652627915 0.05743125652627915
0 0.4432648799164636 0.5598677340758789 0.04211625478593804 0.05186216498433693
0 0.5772711451444483 0.5297598329272537 0.058823529411764705 0.05708318830490776
0 0.5151409676296554 0.48555516881308736 0.06613296206056388 0.048033414549251655
0 0.5161851722937696 0.38374521406195616 0.04455273233553777 0.07065784893839193
1 0.4289940828402367 0.37225896275670034 0.04281239122868082 0.051166028541594154
0 0.25374173337974243 0.6286112077967282 0.05360250609119387 0.03898364079359554
0 0.21197354681517577 0.6663766098155238 0.03689523146536721 0.05464671075530804
0 0.08336233901844761 0.8412808910546468 0.058127392969021925 0.05847546119039332
0 0.024016707274625827 0.8967977723633832 0.04385659589279499 0.04142011834319527
0 0.02767142359902541 0.9361294813783502 0.05534284719805082 0.04281239122868082
0 0.8087365123564219 0.9425687434737209 0.05603898364079359 0.047337278106508875
0 0.3971458405847546 0.4103724329968674 0.046641141663766095 0.047337278106508875
0 0.3856595892794988 0.35311521058127393 0.04524886877828054 0.04142011834319527
0 0.3378002088409328 0.37539157674904283 0.05325443786982249 0.0435085276714236
1 0.2695788374521406 0.3475461190393317 0.05534284719805082 0.06021580229725026
1 0.24973894883397146 0.39035851026801255 0.05186216498433693 0.05255830142707971
0 0.2723633832231117 0.4282979463974939 0.0435085276714236 0.04211625478593804
0 0.2711451444483119 0.4723285764009746 0.03828750435085277 0.05081796032022276
0 0.5485555168813088 0.28680821441002435 0.05429864253393665 0.048033414549251655
0 0.535328924469196 0.24486599373477203 0.03898364079359554 0.04629307344239471
0 0.46484510964148973 0.23512008353637312 0.049773755656108594 0.04559693699965193
0 0.501740341106857 0.2612252001392273 0.03237034458753916 0.02888966237382527
0 0.48938391924817265 0.3134354333449356 0.042464323007309436 0.03793943612948138
0 0.468673860076575 0.28332753219631046 0.04629307344239471 0.04594500522102332
0 0.4422206752523495 0.31221719457013575 0.06160807518273582 0.034110685694396105
0 0.6190393317090149 0.28437173686042466 0.03933170901496694 0.03828750435085277
0 0.6021580229725026 0.3019491820396798 0.024364775495997214 0.030978071702053602
0 0.6052906369648451 0.3320570831883049 0.04316045945005221 0.03550295857988166
0 0.6421858684302123 0.24416985729202922 0.03828750435085277 0.04768534632788026
1 0.6752523494604943 0.15332405151409675 0.047337278106508875 0.04907761921336582
1 0.7432996867386008 0.15784893839192482 0.044204664114166375 0.051166028541594154
0 0.7911590671771668 0.18134354333449357 0.05986773407587887 0.04385659589279499
0 0.6956143404107205 0.192481726418378 0.0435085276714236 0.04872955099199443
1 0.5898016011138183 0.205012182387748 0.0650887573964497 0.04872955099199443
1 0.4079359554472677 0.0403759136790811 0.048033414549251655 0.05221023320570832
1 0.3482422554820745 0.1587191089453533 0.05464671075530804 0.06543682561782109
0 0.32805429864253394 0.26174730247128436 0.04629307344239471 0.042464323007309436
0 0.2754959972154542 0.22276366167768882 0.05255830142707971 0.056387051862164986
0 0.2701009397841977 0.17281587191089454 0.04316045945005221 0.044204664114166375
1 0.23024712843717368 0.15053950574312566 0.03376261747302471 0.044204664114166375
1 0.23007309432648798 0.30020884093282285 0.041768186564566656 0.04907761921336582
1 0.19631047685346328 0.2667942916811695 0.05847546119039332 0.06230421162547859
0 0.20361990950226244 0.3510268012530456 0.05429864253393665 0.0650887573964497
1 0.1425339366515837 0.3555516881308737 0.04907761921336582 0.04211625478593804
1 0.09363035154890359 0.40515140967629654 0.054994778976679426 0.04316045945005221
1 0.07674904281239123 0.3317090149669335 0.04838148277062304 0.0403759136790811
1 0.034632788026453185 0.3042116254785938 0.0435085276714236 0.04524886877828054
0 0.16881308736512357 0.5306300034806822 0.0403759136790811 0.04907761921336582
0 0.2332057083188305 0.5424643230073094 0.055690915419422206 0.04768534632788026
0 0.20309780717020537 0.6019839888618169 0.03863557257222416 0.04281239122868082
0 0.1458405847546119 0.6023320570831883 0.08214410024364775 0.0685694396101636
0 0.0495997215454229 0.6263487643578142 0.059519665854507485 0.04211625478593804
0 0.04698920988513749 0.5078315349808562 0.05221023320570832 0.055690915419422206
0 0.09397841977027498 0.48903585102680125 0.055690915419422206 0.04385659589279499
0 0.14027149321266968 0.4463974939088061 0.03689523146536721 0.03863557257222416
0 0.1768186564566655 0.4552732335537765 0.03550295857988166 0.03689523146536721
1 0.061956143404107204 0.4510964148973199 0.06682909850330665 0.04594500522102332
1 0.08162199791159067 0.20640445527323356 0.05395057431256526 0.07309432648799165
1 0.035328924469195964 0.10424643230073094 0.058127392969021925 0.04907761921336582
1 0.11851722937695788 0.04124608423250957 0.058127392969021925 0.06439262095370693
0 0.14653672119735467 0.10059171597633136 0.041072050121823876 0.041072050121823876
0 0.24051514096762966 0.09397841977027498 0.05221023320570832 0.041768186564566656
0 0.3139575356769927 0.07187608771319179 0.06891750783153498 0.07413853115210581
0 0.5243647754959972 0.698746954403063 0.050469892098851374 0.050469892098851374
0 0.5339366515837104 0.6394013226592412 0.09537069265576052 0.07657500870170554
0 0.6152105812739297 0.9235990254089802 0.051166028541594154 0.05395057431256526
0 0.6192133658197007 0.9716324399582318 0.023668639053254437 0.03933170901496694
0 0.46153846153846156 0.9465715280194918 0.05290636964845109 0.0435085276714236
1 0.8675600417681866 0.24434389140271492 0.06160807518273582 0.06056387051862165
0 0.9707622694048034 0.2109293421510616 0.03967977723633832 0.04455273233553777
0 0.9519665854507483 0.1642882004872955 0.06056387051862165 0.054994778976679426
1 0.8733031674208145 0.14549251653324052 0.04942568743473721 0.03689523146536721
0 0.9570135746606335 0.10946745562130178 0.06369648451096414 0.04281239122868082
0 0.5109641489731988 0.05064392620953707 0.05986773407587887 0.05743125652627915
1 0.5243647754959972 0.012182387747998607 0.03793943612948138 0.024364775495997214
0 0.6166028541594153 0.026279150713539853 0.03237034458753916 0.03237034458753916
0 0.6592412112774104 0.05864949530107901 0.03550295857988166 0.05743125652627915
0 0.715802297250261 0.0805777932474765 0.04072398190045249 0.04629307344239471
0 0.7372084928646014 0.03898364079359554 0.05081796032022276 0.04942568743473721
0 0.86216498433693 0.034632788026453185 0.06056387051862165 0.06439262095370693
1 0.9284719805081796 0.029759832927253742 0.04002784545770971 0.05603898364079359
1 0.2170205360250609 0.44744169857292027 0.036547163243995824 0.04142011834319527
1 0.1898712147580926 0.4168116950922381 0.051166028541594154 0.0435085276714236
1 0.2051862164984337 0.39192481726418377 0.030978071702053602 0.030630003480682212
