0 0.13296206056387053 0.0652627915071354 0.05360250609119387 0.0685694396101636
0 0.09606682909850331 0.11016359206404455 0.05986773407587887 0.0901496693351897
1 0.2017055342847198 0.10215802297250261 0.04768534632788026 0.04142011834319527
0 0.2711451444483119 0.0342847198050818 0.05917159763313609 0.05673512008353637
1 0.38931430560389835 0.11051166028541594 0.05325443786982249 0.04211625478593804
0 0.33083884441350503 0.16167768882701009 0.04211625478593804 0.04768534632788026
0 0.5339366515837104 0.03567699269056735 0.05847546119039332 0.06230421162547859
0 0.6303515489035851 0.03880960668290985 0.054994778976679426 0.07205012182387747
1 0.5266272189349113 0.1555864949530108 0.04872955099199443 0.05081796032022276
0 0.6312217194570136 0.15123564218586844 0.06160807518273582 0.058823529411764705
0 0.5304559693699965 0.21162547859380437 0.03967977723633832 0.04316045945005221
1 0.43247476505395055 0.22206752523494605 0.04559693699965193 0.04455273233553777
0 0.5974591019839889 0.25670031326139925 0.058823529411764705 0.05325443786982249
0 0.5736164288200487 0.2988165680473373 0.05221023320570832 0.04838148277062304
1 0.6472328576400974 0.3412808910546467 0.036547163243995824 0.04838148277062304
0 0.7105812739296902 0.28646014618865295 0.04907761921336582 0.05151409676296554
0 0.6094674556213018 0.37922032718412807 0.05151409676296554 0.04559693699965193
1 0.7105812739296902 0.4563174382178907 0.04838148277062304 0.06822137138879221
0 0.5268012530455969 0.48172641837800206 0.04629307344239471 0.04594500522102332
1 0.4634528367560042 0.48903585102680125 0.05255830142707971 0.04385659589279499
0 0.4899060215802297 0.5391576749042812 0.05743125652627915 0.05221023320570832
1 0.5579533588583362 0.5859728506787331 0.046641141663766095 0.05603898364079359
1 0.5297598329272537 0.6115558649495301 0.047337278106508875 0.047337278106508875
1 0.6409676296554124 0.6658545074834668 0.06230421162547859 0.04872955099199443
1 0.7539157674904281 0.6766446223459798 0.05847546119039332 0.05429864253393665
0 0.5278454577097111 0.722067525234946 0.04281239122868082 0.05534284719805082
0 0.5898016011138183 0.7955099199443091 0.050469892098851374 0.051166028541594154
0 0.5429864253393665 0.8616428820048729 0.04316045945005221 0.051166028541594154
0 0.558649495301079 0.9107205012182388 0.041768186564566656 0.051166028541594154
1 0.6623738252697529 0.8790462930734424 0.04942568743473721 0.05464671075530804
0 0.7182387747998608 0.8760877131917856 0.03515489035851027 0.041072050121823876
0 0.6992690567351201 0.8957535676992691 0.03967977723633832 0.037243299686738604
0 0.705012182387748 0.9220327184128089 0.03445875391576749 0.041072050121823876
0 0.6521058127392969 0.9316045945005221 0.06230421162547859 0.04768534632788026
1 0.6394013226592412 0.9832927253741733 0.04872955099199443 0.033414549251653325
1 0.5802297250261051 0.9867734075878872 0.04594500522102332 0.026453184824225547
1 0.4791159067177167 0.9827706230421163 0.04072398190045249 0.03445875391576749
1 0.4376957883745214 0.9282979463974939 0.04907761921336582 0.048033414549251655
0 0.40271493212669685 0.8094326487991647 0.07587887225896275 0.059519665854507485
0 0.4048033414549252 0.7145840584754611 0.05847546119039332 0.041072050121823876
0 0.2057083188304908 0.8710407239819005 0.05360250609119387 0.05186216498433693
1 0.3532892446919596 0.9827706230421163 0.04385659589279499 0.03445875391576749
0 0.1834319526627219 0.9599721545422902 0.05151409676296554 0.0403759136790811
0 0.1522798468499826 0.8545074834667595 0.04211625478593804 0.04385659589279499
0 0.1277410372432997 0.9331709014966934 0.05012182387747999 0.03619909502262444
1 0.01931778628611208 0.9850330664810303 0.03793943612948138 0.027845457709711103
0 0.023146536721197354 0.8337974242951619 0.04559693699965193 0.05255830142707971
1 0.13992342499129828 0.7098851374869475 0.03898364079359554 0.05534284719805082
1 0.2514792899408284 0.514792899408284 0.06160807518273582 0.05986773407587887
0 0.1989209885137487 0.47406891750783153 0.051166028541594154 0.048033414549251655
0 0.20274973894883397 0.43351896971806475 0.044900800556909155 0.030281935259310826
0 0.2888966237382527 0.4307344239470936 0.05360250609119387 0.04002784545770971
0 0.36216498433693006 0.4537069265576053 0.04838148277062304 0.04907761921336582
0 0.4345631743821789 0.4131569787678385 0.04838148277062304 0.04942568743473721
1 0.34719805081796035 0.3693003828750435 0.05255830142707971 0.05151409676296554
1 0.10929342151061608 0.33344935607379045 0.042464323007309436 0.03619909502262444
1 0.12356421858684302 0.2580925861468848 0.05012182387747999 0.049773755656108594
1 0.05064392620953707 0.30717020536025064 0.04211625478593804 0.035851026801253044
0 0.4387399930386356 0.3212669683257919 0.04698920988513749 0.05221023320570832
1 0.715802297250261 0.06021580229725026 0.051166028541594154 0.04385659589279499
1 0.7981204316045944 0.03184824225548207 0.04942568743473721 0.04838148277062304
0 0.7532196310476853 0.11834319526627218 0.03967977723633832 0.047337278106508875
1 0.7152801949182039 0.1369648451096415 0.05012182387747999 0.04211625478593804
0 0.8210929342151062 0.18151757744517927 0.04524886877828054 0.049773755656108594
1 0.866689871214758 0.12861120779672816 0.0403759136790811 0.04838148277062304
0 0.953880960668291 0.17525234946049426 0.04698920988513749 0.04002784545770971
1 0.7955099199443091 0.31796032022276366 0.050469892098851374 0.04211625478593804
0 0.8550295857988166 0.3727810650887574 0.050469892098851374 0.05360250609119387
0 0.907761921336582 0.2763661677688827 0.05221023320570832 0.03689523146536721
1 0.9547511312217195 0.5368952314653672 0.05012182387747999 0.04211625478593804
1 0.9563174382178907 0.5849286460146189 0.03863557257222416 0.04281239122868082
0 0.9248172641837801 0.6256526279150714 0.07309432648799165 0.0685694396101636
0 0.7953358858336234 0.5675252349460495 0.04385659589279499 0.04629307344239471
0 0.8635572572224156 0.7843717368604246 0.08632091890010442 0.0804037591367908
0 0.9718064740689175 0.7702749738948834 0.054994778976679426 0.05151409676296554
0 0.9587539157674905 0.8646014618865298 0.06369648451096414 0.06961364427427776
0 0.8228332753219632 0.9223807866341803 0.07866341802993387 0.07100591715976332
0 0.7788026453184824 0.8616428820048729 0.04559693699965193 0.051166028541594154
1 0.26905673512008355 0.3106508875739645 0.04524886877828054 0.04211625478593804
