1 0.6246084232509572 0.7123216150365471 0.04907761921336582 0.05673512008353637
1 0.7206752523494605 0.7071005917159763 0.044900800556909155 0.049773755656108594
1 0.5516881308736512 0.6870866689871215 0.05012182387747999 0.04316045945005221
1 0.5402018795683954 0.6428820048729551 0.06265227984684998 0.03828750435085277
0 0.47737556561085975 0.3257918552036199 0.05464671075530804 0.04455273233553777
0 0.5485555168813088 0.25878872258962754 0.055690915419422206 0.05395057431256526
0 0.6554124608423251 0.2523494604942569 0.04872955099199443 0.06056387051862165
0 0.43021232161503653 0.23042116254785938 0.06682909850330665 0.07309432648799165
0 0.384963452836756 0.2794987817612252 0.04524886877828054 0.05986773407587887
0 0.367908109989558 0.31447963800904977 0.04594500522102332 0.05743125652627915
1 0.3882701009397842 0.4063696484510964 0.06300034806822137 0.058127392969021925
1 0.5114862513052558 0.44900800556909154 0.06091193873999304 0.05360250609119387
1 0.5508179603202228 0.533066481030282 0.04768534632788026 0.04629307344239471
1 0.5111381830838845 0.5692655760529064 0.05325443786982249 0.049773755656108594
0 0.49582318134354336 0.5191437521754264 0.044900800556909155 0.044900800556909155
0 0.5948485903237034 0.591715976331361 0.06056387051862165 0.056387051862164986
0 0.6601113818308388 0.5219282979463975 0.06717716672467804 0.06717716672467804
0 0.6700313261399234 0.6374869474416985 0.05847546119039332 0.06300034806822137
1 0.9754611903933171 0.7238078663418029 0.044204664114166375 0.04768534632788026
1 0.9293421510616081 0.7986425339366516 0.047337278106508875 0.0435085276714236
1 0.9009745910198399 0.746606334841629 0.044900800556909155 0.03550295857988166
1 0.8618169161155587 0.8378002088409329 0.055690915419422206 0.056387051862164986
1 0.7894187260703098 0.8527671423599026 0.061956143404107204 0.05429864253393665
0 0.4961712495649147 0.6729899060215803 0.04211625478593804 0.04907761921336582
0 0.4356073790462931 0.6994430908458058 0.05743125652627915 0.044900800556909155
0 0.43578141315697877 0.7544378698224852 0.06543682561782109 0.044204664114166375
1 0.5602158022972502 0.8235294117647058 0.07065784893839193 0.06822137138879221
0 0.6357466063348416 0.8600765750087017 0.06160807518273582 0.06404455273233554
1 0.7081447963800905 0.8520710059171598 0.05395057431256526 0.05221023320570832
0 0.7003132613992342 0.9056735120083537 0.055690915419422206 0.048033414549251655
1 0.6505395057431257 0.9740689175078315 0.042464323007309436 0.05186216498433693
1 0.9721545422902889 0.9140271493212669 0.055690915419422206 0.05847546119039332
1 0.8739993038635573 0.9086320918900105 0.03967977723633832 0.04698920988513749
0 0.8680821441002436 0.9585798816568047 0.061956143404107204 0.05360250609119387
0 0.9566655064392621 0.8461538461538461 0.06160807518273582 0.061260006961364424
0 0.914549251653324 0.6970066132962061 0.05673512008353637 0.04559693699965193
0 0.6996171249564914 0.353637312913331 0.056387051862164986 0.055690915419422206
1 0.8296206056387052 0.4034110685694396 0.051166028541594154 0.048033414549251655
0 0.8567699269056736 0.3351896971806474 0.05673512008353637 0.03828750435085277
0 0.8967977723633832 0.3167420814479638 0.04002784545770971 0.047337278106508875
1 0.9495301079011487 0.3324051514096763 0.04594500522102332 0.03967977723633832
1 0.9784197702749738 0.40863209189001043 0.0403759136790811 0.05221023320570832
0 0.918552036199095 0.4347372084928646 0.056387051862164986 0.046641141663766095
0 0.8807866341802993 0.41193873999303865 0.03793943612948138 0.05395057431256526
0 0.9504002784545771 0.36494953010790115 0.05186216498433693 0.04072398190045249
0 0.5522102332057083 0.7446919596240863 0.06787330316742081 0.06230421162547859
1 0.8158719108945354 0.6244343891402715 0.061260006961364424 0.06265227984684998
1 0.826313957535677 0.518795683954055 0.06474068917507832 0.06996171249564914
0 0.7572224155934563 0.6032022276366168 0.05534284719805082 0.06682909850330665
0 0.7453880960668291 0.5080055690915419 0.06369648451096414 0.06160807518273582
0 0.8701705534284719 0.5433344935607379 0.03759136790810999 0.05221023320570832
0 0.945875391576749 0.5945005221023321 0.05395057431256526 0.055690915419422206
0 0.8379742429516185 0.7339018447615733 0.06091193873999304 0.0685694396101636
0 0.7709711103376262 0.7509571876087713 0.04524886877828054 0.05395057431256526
0 0.7335537765402019 0.7702749738948834 0.044204664114166375 0.05081796032022276
1 0.2079707622694048 0.8226592412112774 0.05255830142707971 0.049773755656108594
0 0.23407587887225897 0.8807866341802993 0.0713539853811347 0.051166028541594154
0 0.17855899756352245 0.9281239122868082 0.047337278106508875 0.049773755656108594
1 0.8555516881308737 0.2504350852767142 0.06613296206056388 0.059519665854507485
0 0.9399582318134354 0.2486947441698573 0.05743125652627915 0.050469892098851374
1 0.845109641489732 0.12356421858684302 0.05290636964845109 0.04455273233553777
1 0.7586146884789419 0.15593456317438217 0.06021580229725026 0.05290636964845109
0 0.7288548555516882 0.24608423250957187 0.05917159763313609 0.05917159763313609
0 0.6959624086320919 0.19369996519317786 0.07413853115210581 0.04698920988513749
0 0.6322659241211277 0.41785589975635223 0.07413853115210581 0.08109989557953359
0 0.4206404455273234 0.9291681169509224 0.0685694396101636 0.0685694396101636
0 0.3466759484859032 0.7728854855551688 0.042464323007309436 0.04281239122868082
0 0.30264531848242254 0.7798468499825966 0.04768534632788026 0.03515489035851027
0 0.273929690219283 0.8054298642533937 0.05221023320570832 0.03967977723633832
1 0.30247128437173687 0.709014966933519 0.0403759136790811 0.041072050121823876
0 0.25356769926905676 0.711277410372433 0.058823529411764705 0.051166028541594154
1 0.20884093282283328 0.7492168465019143 0.04524886877828054 0.044900800556909155
0 0.1550643926209537 0.7829794639749391 0.049773755656108594 0.04142011834319527
0 0.14009745910198398 0.8759136790810998 0.036547163243995824 0.05186216498433693
0 0.12252001392272885 0.9326487991646363 0.05012182387747999 0.05395057431256526
1 0.024016707274625827 0.9187260703097807 0.048033414549251655 0.051166028541594154
0 0.06578489383919248 0.8423250957187609 0.06265227984684998 0.048033414549251655
1 0.1494953010790115 0.6980508179603202 0.05186216498433693 0.05743125652627915
1 0.11434041072050122 0.6266968325791855 0.04629307344239471 0.04072398190045249
1 0.1738600765750087 0.5840584754611904 0.05325443786982249 0.042464323007309436
0 0.5951966585450749 0.2915071353985381 0.048033414549251655 0.044900800556909155
0 0.4227288548555517 0.5704838148277063 0.06021580229725026 0.06334841628959276
0 0.32648799164636266 0.5776192133658197 0.061956143404107204 0.06369648451096414
0 0.24956491472328576 0.6143404107205013 0.05221023320570832 0.056387051862164986
0 0.25878872258962754 0.53759136790811 0.05255830142707971 0.07205012182387747
0 0.1825617821092934 0.5006961364427428 0.04698920988513749 0.06369648451096414
0 0.12234597981204316 0.5689175078315349 0.037243299686738604 0.0435085276714236
0 0.03915767490428124 0.6453184824225549 0.04907761921336582 0.05012182387747999
1 0.05290636964845109 0.7290288896623738 0.05986773407587887 0.06021580229725026
0 0.06038983640793596 0.5925861468847894 0.04768534632788026 0.0435085276714236
0 0.05412460842325096 0.5234946049425687 0.050469892098851374 0.05777932474765054
1 0.1766446223459798 0.4229028889662374 0.04211625478593804 0.04385659589279499
0 0.1211277410372433 0.4067177166724678 0.05917159763313609 0.05395057431256526
0 0.1117298990602158 0.4846849982596589 0.05847546119039332 0.050469892098851374
0 0.04768534632788026 0.4263835711799513 0.05777932474765054 0.047337278106508875
0 0.2958579881656805 0.44274277758440655 0.06056387051862165 0.05081796032022276
0 0.3089105464671075 0.4034110685694396 0.04838148277062304 0.042464323007309436
0 0.9110685694396101 0.09850330664810303 0.06160807518273582 0.06056387051862165
0 0.8127392969021928 0.06038983640793596 0.05081796032022276 0.044900800556909155
0 0.7325095718760877 0.037069265576052904 0.06021580229725026 0.05186216498433693
0 0.7098851374869475 0.1119039331709015 0.049773755656108594 0.03933170901496694
0 0.6390532544378699 0.0866689871214758 0.048033414549251655 0.04455273233553777
0 0.5845805777932475 0.102506091193874 0.0650887573964497 0.04907761921336582
1 0.6380090497737556 0.024016707274625827 0.04455273233553777 0.048033414549251655
1 0.3999303863557257 0.0558649495301079 0.061956143404107204 0.05603898364079359
1 0.46136442742777584 0.011138183083884442 0.03793943612948138 0.022276366167768884
0 0.49895579533588585 0.04507483466759485 0.044900800556909155 0.04281239122868082
0 0.4345631743821789 0.13122171945701358 0.04838148277062304 0.056387051862164986
1 0.39244691959624084 0.14027149321266968 0.04698920988513749 0.05986773407587887
0 0.3466759484859032 0.2199791159067177 0.05360250609119387 0.048033414549251655
1 0.30368952314653674 0.06178210929342151 0.058127392969021925 0.06439262095370693
1 0.23929690219282979 0.12478245736164288 0.06091193873999304 0.05255830142707971
1 0.16724678036895232 0.10598677340758789 0.03793943612948138 0.050469892098851374
0 0.15454229028889663 0.03045596936999652 0.04455273233553777 0.04698920988513749
0 0.23216150365471633 0.026453184824225547 0.04385659589279499 0.04524886877828054
0 0.17003132613992342 0.1552384267316394 0.06091193873999304 0.041768186564566656
0 0.0901496693351897 0.05238426731639401 0.06613296206056388 0.037243299686738604
1 0.09206404455273233 0.19979115906717718 0.051166028541594154 0.04872955099199443
0 0.12861120779672816 0.25861468847894187 0.05395057431256526 0.04455273233553777
0 0.19631047685346328 0.22624434389140272 0.046641141663766095 0.041072050121823876
0 0.20414201183431951 0.2732335537765402 0.05464671075530804 0.046641141663766095
1 0.31761225200139226 0.3327532196310477 0.04768534632788026 0.061260006961364424
0 0.24486599373477203 0.3297946397493909 0.058127392969021925 0.051166028541594154
0 0.2885485555168813 0.26139923424991296 0.05429864253393665 0.04942568743473721
0 0.27131917855899756 0.21301775147928995 0.06160807518273582 0.048033414549251655
0 0.19752871562826313 0.35241907413853113 0.029585798816568046 0.04768534632788026
0 0.15053950574312566 0.3296206056387052 0.04002784545770971 0.04316045945005221
0 0.09902540898016012 0.34371736860424645 0.051166028541594154 0.050469892098851374
0 0.023494604942568744 0.35033066481030284 0.04211625478593804 0.04142011834319527
0 0.048033414549251655 0.25008701705534286 0.042464323007309436 0.04142011834319527
0 0.029759832927253742 0.1926557605290637 0.050469892098851374 0.04698920988513749
