1 0.32718412808910546 0.5974591019839889 0.04385659589279499 0.044204664114166375
1 0.22624434389140272 0.615558649495301 0.018795683954054995 0.03515489035851027
1 0.248868778280543 0.6265227984684998 0.02854159415245388 0.03689523146536721
0 0.1836059867734076 0.6115558649495301 0.03863557257222416 0.04942568743473721
1 0.11555864949530108 0.5670031326139924 0.07448659937347721 0.056387051862164986
0 0.3007309432648799 0.25339366515837103 0.054994778976679426 0.04594500522102332
0 0.23181343543334493 0.248868778280543 0.02923773059519666 0.05429864253393665
0 0.19387399930386356 0.2955099199443091 0.048033414549251655 0.055690915419422206
1 0.19074138531152104 0.20901496693351898 0.04872955099199443 0.0776192133658197
0 0.30943264879916466 0.16045945005221024 0.06682909850330665 0.06474068917507832
0 0.3914027149321267 0.2171945701357466 0.044204664114166375 0.054994778976679426
1 0.4850330664810303 0.2664462234597981 0.0435085276714236 0.05603898364079359
1 0.6641141663766098 0.19021928297946397 0.05708318830490776 0.04629307344239471
0 0.7539157674904281 0.20396797772363384 0.047337278106508875 0.055690915419422206
0 0.7634876435781414 0.1738600765750087 0.036547163243995824 0.04768534632788026
0 0.8586843021232161 0.21388792203271842 0.0403759136790811 0.03933170901496694
0 0.8833971458405847 0.11294813783501566 0.04385659589279499 0.06230421162547859
0 0.9342151061608075 0.06108597285067873 0.048033414549251655 0.05603898364079359
1 0.9819004524886877 0.06595892794987818 0.032718412808910545 0.06091193873999304
1 0.9131569787678385 0.013226592412112773 0.04907761921336582 0.026453184824225547
0 0.8571179951270449 0.0342847198050818 0.04072398190045249 0.04559693699965193
0 0.792725374173338 0.05099199443090846 0.03445875391576749 0.04698920988513749
1 0.7006613296206057 0.009571876087713193 0.055690915419422206 0.018447615732683605
0 0.6000696136442742 0.09502262443438914 0.05986773407587887 0.041072050121823876
0 0.5466411416637661 0.15071353985381133 0.04629307344239471 0.04316045945005221
0 0.5480334145492517 0.19979115906717718 0.0650887573964497 0.04524886877828054
0 0.663418029933867 0.15315001740341108 0.046641141663766095 0.032718412808910545
0 0.7137138879220327 0.2758440654368256 0.06300034806822137 0.05603898364079359
0 0.6414897319874695 0.26905673512008355 0.06056387051862165 0.047337278106508875
0 0.658893143056039 0.3506787330316742 0.042464323007309436 0.03933170901496694
0 0.719805081796032 0.39975635224504 0.03828750435085277 0.049773755656108594
0 0.6754263835711799 0.3908806126000696 0.03167420814479638 0.041768186564566656
0 0.6369648451096415 0.39888618169161155 0.03689523146536721 0.047337278106508875
0 0.5925861468847894 0.49634528367560043 0.030978071702053602 0.03550295857988166
1 0.6286112077967282 0.4942568743473721 0.03550295857988166 0.041768186564566656
1 0.6780368952314654 0.5059171597633136 0.047337278106508875 0.04768534632788026
0 0.9133310128785241 0.47702749738948835 0.06056387051862165 0.05464671075530804
0 0.8442394709363035 0.5134006265227985 0.05464671075530804 0.07170205360250609
0 0.7747998607727115 0.46710755308040375 0.05012182387747999 0.04524886877828054
0 0.8259658893143056 0.43003828750435086 0.05360250609119387 0.05464671075530804
1 0.8880960668290985 0.3478941872607031 0.05673512008353637 0.0435085276714236
0 0.794987817612252 0.3235294117647059 0.04455273233553777 0.03933170901496694
0 0.8324051514096763 0.6289592760180995 0.08179603202227637 0.04524886877828054
0 0.9011486251305256 0.6950922380786634 0.046641141663766095 0.061260006961364424
0 0.813783501566307 0.7314653672119735 0.06961364427427776 0.058127392969021925
0 0.7349460494256874 0.7502610511660286 0.04142011834319527 0.07205012182387747
0 0.8687782805429864 0.7963800904977375 0.06682909850330665 0.055690915419422206
0 0.9204664114166377 0.7600069613644275 0.050469892098851374 0.05534284719805082
0 0.9401322659241211 0.7067525234946049 0.025060911938739994 0.03306648103028194
0 0.9759832927253742 0.7339018447615733 0.03202227636616777 0.023320570831883047
1 0.9323007309432649 0.9667594848590324 0.06578489383919248 0.04698920988513749
0 0.9326487991646363 0.8781761225200139 0.05464671075530804 0.05986773407587887
0 0.8162199791159067 0.9070657848938392 0.06474068917507832 0.06265227984684998
0 0.7199791159067177 0.8680821441002436 0.03306648103028194 0.03550295857988166
0 0.744343891402715 0.864427427775844 0.027497389488339713 0.026801253045596937
0 0.7382526975287156 0.8437173686042464 0.01949182039679777 0.021580229725026105
0 0.7102332057083188 0.8351896971806474 0.04072398190045249 0.044900800556909155
0 0.6802993386703794 0.9603202227636617 0.04629307344239471 0.05290636964845109
0 0.5757048381482771 0.9216846501914375 0.055690915419422206 0.06056387051862165
0 0.4778976679429168 0.9509223807866342 0.05847546119039332 0.056387051862164986
0 0.380960668290985 0.9194222067525235 0.03863557257222416 0.050469892098851374
0 0.290462930734424 0.8978419770274974 0.04559693699965193 0.05464671075530804
1 0.4284719805081796 0.8477201531500174 0.032718412808910545 0.0435085276714236
1 0.40741385311521056 0.8169161155586495 0.03933170901496694 0.03619909502262444
1 0.44813783501566307 0.7593108249216847 0.06230421162547859 0.04629307344239471
0 0.48607727114514443 0.8334493560737904 0.05325443786982249 0.0435085276714236
1 0.32492168465019144 0.7897667942916812 0.06230421162547859 0.054994778976679426
0 0.2977723633832231 0.7429516185172294 0.04072398190045249 0.03306648103028194
0 0.37191089453532894 0.6470588235294118 0.03863557257222416 0.03689523146536721
0 0.43543334493560737 0.6547163243995823 0.041768186564566656 0.024364775495997214
0 0.42238078663418027 0.6303515489035851 0.03863557257222416 0.029933867037939436
0 0.5221023320570832 0.6943961016359207 0.041768186564566656 0.04524886877828054
0 0.5591715976331361 0.6557605290636965 0.03376261747302471 0.03967977723633832
1 0.497737556561086 0.596240863209189 0.04455273233553777 0.04524886877828054
0 0.5844065436825617 0.5424643230073094 0.06682909850330665 0.05255830142707971
1 0.48938391924817265 0.5332405151409676 0.05708318830490776 0.07030978071702054
0 0.445353289244692 0.5384615384615384 0.03306648103028194 0.056387051862164986
1 0.4756352245040028 0.46362687086668986 0.04211625478593804 0.05847546119039332
0 0.5071353985381135 0.45701357466063347 0.027845457709711103 0.04455273233553777
0 0.5273233553776541 0.4129829446571528 0.04524886877828054 0.04698920988513749
1 0.6105116602854159 0.45196658545074836 0.030630003480682212 0.03445875391576749
0 0.6512356421858684 0.4559693699965193 0.034110685694396105 0.03619909502262444
0 0.5960668290985033 0.41193873999303865 0.06648103028193526 0.05255830142707971
1 0.5299338670379394 0.35851026801253044 0.059519665854507485 0.05708318830490776
0 0.5842325095718761 0.33153498085624783 0.058127392969021925 0.05395057431256526
0 0.4437869822485207 0.3266620257570484 0.05221023320570832 0.06996171249564914
0 0.3945353289244692 0.2942916811695092 0.05464671075530804 0.04559693699965193
0 0.33954054994778976 0.3590323703445875 0.04698920988513749 0.05603898364079359
0 0.35868430212321617 0.445353289244692 0.044204664114166375 0.049773755656108594
1 0.2791507135398538 0.45179255134006263 0.06056387051862165 0.05012182387747999
0 0.24138531152105813 0.3609467455621302 0.04072398190045249 0.056387051862164986
0 0.2206752523494605 0.4197702749738949 0.03759136790810999 0.05012182387747999
0 0.37434737208492863 0.11242603550295859 0.04629307344239471 0.05012182387747999
0 0.4295161851722938 0.1609815523842673 0.056387051862164986 0.06369648451096414
0 0.4171597633136095 0.08353637312913331 0.03167420814479638 0.02854159415245388
0 0.4345631743821789 0.06909154194222067 0.02888966237382527 0.028193525931082493
0 0.47598329272537415 0.05656108597285068 0.04698920988513749 0.04211625478593804
0 0.5379394361294814 0.09763313609467456 0.050469892098851374 0.04838148277062304
1 0.41089453532892445 0.030630003480682212 0.03863557257222416 0.05081796032022276
0 0.35729202923773057 0.03010790114862513 0.059519665854507485 0.04768534632788026
0 0.22137138879220328 0.043682561782109296 0.061260006961364424 0.07344239470936303
0 0.07814131569787679 0.0838844413505047 0.05673512008353637 0.06474068917507832
0 0.022102332057083188 0.020710059171597635 0.044204664114166375 0.03793943612948138
0 0.07605290636964845 0.17942916811695092 0.058127392969021925 0.04142011834319527
0 0.03828750435085277 0.1458405847546119 0.05151409676296554 0.04942568743473721
0 0.6247824573616428 0.7339018447615733 0.054994778976679426 0.0713539853811347
0 0.5925861468847894 0.8169161155586495 0.05186216498433693 0.04872955099199443
0 0.24678036895231464 0.8927949878176122 0.030630003480682212 0.05708318830490776
0 0.2203271841280891 0.9008005569091542 0.027149321266968326 0.056387051862164986
1 0.17490428123912286 0.780194918203968 0.04559693699965193 0.04072398190045249
0 0.24747650539505744 0.8130873651235642 0.05847546119039332 0.06056387051862165
0 0.16550643926209538 0.9244691959624086 0.05464671075530804 0.06682909850330665
1 0.0374173337974243 0.8833971458405847 0.04211625478593804 0.04872955099199443
0 0.0804037591367908 0.9342151061608075 0.03967977723633832 0.047337278106508875
0 0.018621649843369302 0.9683257918552036 0.03376261747302471 0.05847546119039332
0 0.12164984336930039 0.6496693351896972 0.04907761921336582 0.044900800556909155
1 0.01775147928994083 0.5931082492168465 0.03550295857988166 0.05081796032022276
0 0.11990950226244344 0.28437173686042466 0.05673512008353637 0.05221023320570832
0 0.1300034806822137 0.23372781065088757 0.0435085276714236 0.051166028541594154
0 0.04594500522102332 0.24051514096762966 0.05081796032022276 0.04942568743473721
0 0.2328576400974591 0.5207100591715976 0.06682909850330665 0.07030978071702054
0 0.38357117995127044 0.5645666550643926 0.05986773407587887 0.06334841628959276
0 0.18882701009397843 0.42673163940132264 0.02540898016011138 0.02923773059519666
0 0.1648103028193526 0.4418726070309781 0.020536025060911938 0.017055342847198052
0 0.17455621301775148 0.45127044900800556 0.01775147928994083 0.019143752175426385
0 0.12025757048381483 0.3717368604246432 0.05325443786982249 0.04316045945005221
0 0.11782109293421511 0.42969021928297946 0.0776192133658197 0.08736512356421859
0 0.03619909502262444 0.508527671423599 0.05360250609119387 0.06474068917507832
0 0.6590671771667247 0.6341802993386704 0.07205012182387747 0.042464323007309436
0 0.6700313261399234 0.5945005221023321 0.07518273581621998 0.047337278106508875
