1 0.5342847198050817 0.4510964148973199 0.04455273233553777 0.04942568743473721
1 0.4596240863209189 0.4665854507483467 0.05603898364079359 0.04629307344239471
0 0.5090497737556561 0.39662373825269753 0.05395057431256526 0.05673512008353637
1 0.6012878524190741 0.4025408980160111 0.05534284719805082 0.05395057431256526
0 0.6874347372084929 0.3948833971458406 0.05777932474765054 0.05395057431256526
0 0.6040723981900452 0.31865645666550646 0.04698920988513749 0.058127392969021925
1 0.6956143404107205 0.3031674208144796 0.04211625478593804 0.03550295857988166
0 0.8184824225548207 0.3485903237034459 0.04211625478593804 0.06160807518273582
1 0.8809606682909851 0.3470240167072746 0.042464323007309436 0.06404455273233554
1 0.6660285415941525 0.22224155934563175 0.05186216498433693 0.06300034806822137
0 0.6806474068917507 0.12913331012878523 0.05534284719805082 0.047337278106508875
0 0.928820048729551 0.12252001392272885 0.050469892098851374 0.034110685694396105
0 0.9048033414549251 0.14462234597981205 0.03933170901496694 0.058823529411764705
0 0.8407587887225896 0.12582666202575704 0.05325443786982249 0.04002784545770971
0 0.868430212321615 0.05551688130873651 0.05429864253393665 0.04072398190045249
0 0.8198746954403063 0.08284023668639054 0.07622694048033414 0.061956143404107204
0 0.5019143752175427 0.10337626174730247 0.05012182387747999 0.05012182387747999
0 0.569439610163592 0.09432648799164636 0.04594500522102332 0.042464323007309436
0 0.44848590323703447 0.040549947789766796 0.059519665854507485 0.05603898364079359
0 0.3665158371040724 0.08318830490776193 0.04455273233553777 0.05151409676296554
1 0.257396449704142 0.2325095718760877 0.06021580229725026 0.055690915419422206
1 0.36216498433693006 0.2920292377305952 0.06648103028193526 0.05777932474765054
1 0.422554820744866 0.35851026801253044 0.05151409676296554 0.05429864253393665
1 0.19161155586494952 0.1710755308040376 0.050469892098851374 0.05186216498433693
0 0.16167768882701009 0.0991994430908458 0.06926557605290637 0.06682909850330665
0 0.09450052210233206 0.12164984336930039 0.06091193873999304 0.05464671075530804
1 0.03793943612948138 0.20831883049077618 0.06474068917507832 0.05255830142707971
0 0.036547163243995824 0.25356769926905676 0.048033414549251655 0.03793943612948138
0 0.1119039331709015 0.24329968673860078 0.058823529411764705 0.04872955099199443
1 0.6912634876435781 0.5835363731291333 0.05290636964845109 0.051166028541594154
1 0.8150017403411068 0.6258266620257571 0.05673512008353637 0.054994778976679426
1 0.8701705534284719 0.5529063696484511 0.04872955099199443 0.04907761921336582
0 0.8009049773755657 0.554646710755308 0.05847546119039332 0.04072398190045249
0 0.5151409676296554 0.27828054298642535 0.07448659937347721 0.07344239470936303
0 0.44970414201183434 0.21615036547163244 0.07309432648799165 0.07448659937347721
0 0.5995475113122172 0.1646362687086669 0.050469892098851374 0.05429864253393665
0 0.35311521058127393 0.17612252001392273 0.05673512008353637 0.06474068917507832
0 0.26522798468499825 0.14427427775844065 0.056387051862164986 0.06091193873999304
1 0.2873303167420814 0.037069265576052904 0.06021580229725026 0.06369648451096414
0 0.1891750783153498 0.029063696484510963 0.06787330316742081 0.051166028541594154
0 0.0342847198050818 0.09745910198398886 0.04072398190045249 0.034110685694396105
0 0.030281935259310826 0.04716324399582318 0.047337278106508875 0.037243299686738604
0 0.7775844065436825 0.2619213365819701 0.05429864253393665 0.049773755656108594
0 0.8654716324399583 0.24643230073094327 0.04907761921336582 0.06613296206056388
0 0.7761921336581971 0.18482422554820746 0.06056387051862165 0.04385659589279499
0 0.9627567003132614 0.32422554820744864 0.05708318830490776 0.051166028541594154
0 0.943090845805778 0.3910546467107553 0.05186216498433693 0.04698920988513749
1 0.9738948833971458 0.43926209537069266 0.04594500522102332 0.041072050121823876
0 0.9597981204316046 0.4784197702749739 0.03933170901496694 0.03933170901496694
0 0.7530455969369997 0.35189697180647406 0.05325443786982249 0.04872955099199443
0 0.2857640097459102 0.3190045248868778 0.05429864253393665 0.06439262095370693
0 0.19979115906717718 0.3297946397493909 0.05290636964845109 0.05186216498433693
0 0.09571876087713192 0.35502958579881655 0.05917159763313609 0.05290636964845109
0 0.037765402018795684 0.3505046989209885 0.06091193873999304 0.07935955447267665
0 0.6146884789418726 0.4843369300382875 0.061260006961364424 0.04768534632788026
1 0.517055342847198 0.5113122171945701 0.03863557257222416 0.04455273233553777
1 0.5823181343543334 0.8197006613296206 0.061956143404107204 0.06265227984684998
0 0.65036547163244 0.7436477549599722 0.09084580577793247 0.06996171249564914
0 0.521058127392969 0.7427775844065437 0.07935955447267665 0.06752523494604942
0 0.4742429516185172 0.8310128785241907 0.1054646710755308 0.059519665854507485
0 0.5555168813087366 0.6470588235294118 0.05221023320570832 0.05290636964845109
0 0.6681169509223808 0.6515837104072398 0.059519665854507485 0.05917159763313609
0 0.4972154542290289 0.608771319178559 0.07205012182387747 0.06822137138879221
1 0.40880612600069616 0.6749042812391228 0.0650887573964497 0.06752523494604942
0 0.3825269752871563 0.5732683605986774 0.09537069265576052 0.10024364775495997
0 0.27723633832231115 0.5419422206752523 0.07274625826662026 0.07727114514444831
0 0.3270100939784198 0.4253393665158371 0.06439262095370693 0.07100591715976332
0 0.12913331012878523 0.4756352245040028 0.06543682561782109 0.05325443786982249
0 0.02888966237382527 0.5151409676296554 0.05777932474765054 0.06265227984684998
1 0.9108945353289245 0.49321266968325794 0.046641141663766095 0.05777932474765054
0 0.8400626522798469 0.4422206752523495 0.050469892098851374 0.04698920988513749
0 0.7911590671771668 0.48868778280542985 0.046641141663766095 0.04594500522102332
0 0.7796728158719108 0.428820048729551 0.04942568743473721 0.05290636964845109
0 0.7034458753915768 0.4838148277062304 0.05917159763313609 0.041768186564566656
0 0.711277410372433 0.5236686390532544 0.04559693699965193 0.04072398190045249
1 0.19648451096414898 0.6534980856247825 0.058127392969021925 0.05534284719805082
0 0.11695092238078664 0.6091193873999304 0.04872955099199443 0.05708318830490776
1 0.05238426731639401 0.6604594500522102 0.06578489383919248 0.05603898364079359
0 0.058823529411764705 0.581447963800905 0.05081796032022276 0.050469892098851374
0 0.1427079707622694 0.5374173337974243 0.042464323007309436 0.041768186564566656
0 0.1896971806474069 0.5583014270797076 0.042464323007309436 0.048033414549251655
0 0.15106160807518274 0.7563522450400278 0.09119387399930386 0.09537069265576052
1 0.08632091890010442 0.9296902192829795 0.07239819004524888 0.07518273581621998
1 0.3908806126000696 0.9441350504698921 0.05081796032022276 0.06160807518273582
0 0.38078663418029934 0.8887922032718413 0.10511660285415941 0.08249216846501914
0 0.8550295857988166 0.7267664462234598 0.06230421162547859 0.05777932474765054
0 0.935085276714236 0.7286808214410024 0.08179603202227637 0.10685694396101636
0 0.9180299338670379 0.8480682213713888 0.0776192133658197 0.0838844413505047
0 0.9625826662025757 0.5967629655412461 0.06578489383919248 0.06996171249564914
0 0.32840236686390534 0.6903933170901496 0.06439262095370693 0.06996171249564914
0 0.2513052558301427 0.7217194570135747 0.06682909850330665 0.0650887573964497
0 0.4505743125652628 0.7481726418378002 0.05255830142707971 0.06578489383919248
0 0.26244343891402716 0.8264879916463627 0.05360250609119387 0.06091193873999304
0 0.17612252001392273 0.8665158371040724 0.08214410024364775 0.08527671423599026
0 0.7826313957535677 0.8284023668639053 0.058127392969021925 0.05360250609119387
0 0.2638357117995127 0.9688478941872607 0.06334841628959276 0.06230421162547859
0 0.34998259658893144 0.9695440306300035 0.04629307344239471 0.04838148277062304
0 0.47285067873303166 0.8780020884093283 0.058823529411764705 0.04559693699965193
0 0.4878176122520014 0.952140619561434 0.058823529411764705 0.04629307344239471
0 0.5633484162895928 0.9296902192829795 0.06230421162547859 0.055690915419422206
0 0.6237382526975287 0.9001044204664114 0.07518273581621998 0.07657500870170554
0 0.7384267316394013 0.9416985729202924 0.03863557257222416 0.035851026801253044
0 0.8022972502610511 0.9192481726418378 0.042464323007309436 0.029933867037939436
0 0.42394709363035155 0.49547511312217196 0.056387051862164986 0.05395057431256526
