1 0.5081796032022277 0.6496693351896972 0.06334841628959276 0.04698920988513749
1 0.5918900104420466 0.6374869474416985 0.04142011834319527 0.03863557257222416
1 0.6434041072050122 0.658893143056039 0.03515489035851027 0.04942568743473721
0 0.6348764357814132 0.5628263139575357 0.06822137138879221 0.05917159763313609
1 0.5268012530455969 0.5762269404803342 0.0435085276714236 0.04072398190045249
1 0.5034806822137139 0.5177514792899408 0.0435085276714236 0.044204664114166375
1 0.5475113122171946 0.5128785241907414 0.04316045945005221 0.04559693699965193
1 0.4625826662025757 0.5013922728854856 0.03689523146536721 0.04838148277062304
1 0.3686042464323007 0.5610859728506787 0.03759136790810999 0.05221023320570832
1 0.3259658893143056 0.4808562478245736 0.04907761921336582 0.04838148277062304
1 0.26714235990254087 0.5991994430908458 0.05395057431256526 0.04142011834319527
1 0.32439958231813437 0.6689871214758093 0.042464323007309436 0.04385659589279499
0 0.41768186564566656 0.4796380090497738 0.05012182387747999 0.056387051862164986
0 0.4505743125652628 0.5932822833275322 0.06300034806822137 0.05395057431256526
0 0.4256874347372085 0.6534980856247825 0.04316045945005221 0.03933170901496694
0 0.38705186216498433 0.6077271145144448 0.0403759136790811 0.047337278106508875
0 0.3282283327532196 0.5936303515489035 0.03480682213713888 0.037243299686738604
1 0.16672467803689522 0.4796380090497738 0.05290636964845109 0.042464323007309436
0 0.06387051862164984 0.5234946049425687 0.06996171249564914 0.046641141663766095
0 0.13731291333101286 0.6602854159415246 0.04072398190045249 0.046641141663766095
1 0.20449008005569091 0.6216498433693004 0.05255830142707971 0.04524886877828054
1 0.1395753567699269 0.5873651235642185 0.05081796032022276 0.058127392969021925
1 0.5219282979463975 0.8358858336233902 0.04698920988513749 0.04629307344239471
0 0.5925861468847894 0.7735816219979116 0.06091193873999304 0.049773755656108594
0 0.4996519317786286 0.7687086668987122 0.05186216498433693 0.050469892098851374
0 0.44883397145840587 0.7546119039331709 0.05255830142707971 0.05151409676296554
1 0.7758440654368256 0.7119735468151758 0.03689523146536721 0.04907761921336582
1 0.8529411764705882 0.7053602506091193 0.03793943612948138 0.03376261747302471
0 0.8499825965889314 0.7342499129829446 0.05151409676296554 0.02610511660285416
0 0.805255830142708 0.7594848590323704 0.04281239122868082 0.047337278106508875
0 0.8054298642533937 0.8151757744517926 0.04385659589279499 0.041072050121823876
0 0.8534632788026453 0.7650539505743126 0.03759136790810999 0.027149321266968326
0 0.8760877131917856 0.6646362687086669 0.034110685694396105 0.04559693699965193
0 0.8108249216846501 0.6500174034110686 0.04838148277062304 0.03933170901496694
1 0.7314653672119735 0.6171249564914724 0.04629307344239471 0.05986773407587887
1 0.7292029237730595 0.5614340410720501 0.05986773407587887 0.047337278106508875
0 0.7711451444483118 0.5426383571179951 0.03306648103028194 0.0403759136790811
0 0.8275321963104768 0.5161851722937696 0.04142011834319527 0.03689523146536721
1 0.8066481030281936 0.431082492168465 0.044900800556909155 0.044900800556909155
1 0.7479986077271145 0.4796380090497738 0.04942568743473721 0.042464323007309436
1 0.7203271841280892 0.43699965193177864 0.04002784545770971 0.04281239122868082
1 0.8743473720849286 0.4095022624434389 0.03759136790810999 0.044900800556909155
1 0.7218934911242604 0.9834667594848591 0.04316045945005221 0.03306648103028194
1 0.792725374173338 0.9752871562826314 0.051166028541594154 0.04455273233553777
1 0.6750783153498086 0.9843369300382875 0.04211625478593804 0.026453184824225547
0 0.6266968325791855 0.9611903933170901 0.050469892098851374 0.04768534632788026
0 0.6895231465367212 0.9463974939088061 0.03550295857988166 0.0403759136790811
1 0.7982944657152802 0.9155934563174383 0.044900800556909155 0.04072398190045249
0 0.6903933170901496 0.8785241907413853 0.044900800556909155 0.03898364079359554
0 0.7412112774103724 0.9089801601113818 0.04559693699965193 0.04142011834319527
0 0.7267664462234598 0.7894187260703098 0.05151409676296554 0.042464323007309436
0 0.6550643926209537 0.8543334493560738 0.04594500522102332 0.051166028541594154
0 0.5993734772015314 0.886703793943613 0.0403759136790811 0.04629307344239471
1 0.2457361642882005 0.6754263835711799 0.05847546119039332 0.04768534632788026
1 0.24312565262791508 0.715802297250261 0.037243299686738604 0.02888966237382527
0 0.3362339018447616 0.730073094326488 0.042464323007309436 0.037243299686738604
0 0.2918552036199095 0.7415593456317439 0.05186216498433693 0.03167420814479638
0 0.3967977723633832 0.6994430908458058 0.04455273233553777 0.03793943612948138
0 0.39644970414201186 0.7544378698224852 0.05221023320570832 0.036547163243995824
1 0.406021580229725 0.7833275321963105 0.04142011834319527 0.02888966237382527
0 0.466411416637661 0.8475461190393317 0.041072050121823876 0.04455273233553777
0 0.4152453880960668 0.8344935607379046 0.0403759136790811 0.035851026801253044
0 0.34041072050121823 0.780194918203968 0.05986773407587887 0.03445875391576749
1 0.3628611207796728 0.84963452836756 0.04559693699965193 0.0403759136790811
0 0.2981204316045945 0.853637312913331 0.04768534632788026 0.03863557257222416
0 0.31952662721893493 0.9023668639053254 0.047337278106508875 0.04072398190045249
0 0.36843021232161505 0.9140271493212669 0.04002784545770971 0.04942568743473721
1 0.27862861120779675 0.9497041420118343 0.03933170901496694 0.03863557257222416
0 0.25704838148277065 0.8842673163940132 0.03933170901496694 0.029585798816568046
1 0.20344587539157674 0.8776540201879568 0.03933170901496694 0.024712843717368604
0 0.21562826313957537 0.845109641489732 0.0435085276714236 0.030630003480682212
0 0.25339366515837103 0.8191785589975635 0.04316045945005221 0.035851026801253044
1 0.1550643926209537 0.8409328228332753 0.04281239122868082 0.03967977723633832
0 0.167420814479638 0.8860076575008702 0.03202227636616777 0.03933170901496694
0 0.154890358510268 0.7048381482770623 0.03828750435085277 0.03689523146536721
0 0.2018795683954055 0.7375565610859729 0.054994778976679426 0.041768186564566656
0 0.21841280891054646 0.7789766794291682 0.04907761921336582 0.03759136790810999
0 0.28106508875739644 0.7890706578489384 0.049773755656108594 0.03480682213713888
0 0.47667942916811695 0.9002784545770971 0.04838148277062304 0.04907761921336582
0 0.46101635920640444 0.9540549947789767 0.051166028541594154 0.04872955099199443
0 0.5382875043508528 0.9698920988513748 0.06021580229725026 0.050469892098851374
0 0.4164636268708667 0.9784197702749738 0.04559693699965193 0.03967977723633832
0 0.2236338322311173 0.9650191437521755 0.03933170901496694 0.04142011834319527
0 0.2077967281587191 0.9152453880960668 0.04385659589279499 0.04142011834319527
0 0.16254785938043856 0.9497041420118343 0.05012182387747999 0.04281239122868082
0 0.11294813783501566 0.9401322659241211 0.044204664114166375 0.02923773059519666
0 0.11103376261747303 0.8713887922032718 0.04316045945005221 0.03863557257222416
0 0.07553080403759137 0.9279498781761225 0.03202227636616777 0.02854159415245388
0 0.057605290636964845 0.969195962408632 0.03863557257222416 0.04838148277062304
1 0.01983988861816916 0.9021928297946398 0.03619909502262444 0.033414549251653325
0 0.057605290636964845 0.8654716324399583 0.04559693699965193 0.04002784545770971
0 0.08179603202227637 0.7965541246084232 0.04872955099199443 0.03445875391576749
0 0.1148625130525583 0.7673163940132266 0.03828750435085277 0.030978071702053602
0 0.07674904281239123 0.7558301427079708 0.04768534632788026 0.030978071702053602
0 0.08527671423599026 0.6869126348764358 0.03550295857988166 0.04281239122868082
0 0.08806126000696136 0.7225896275670032 0.02923773059519666 0.02923773059519666
0 0.04594500522102332 0.6874347372084929 0.03898364079359554 0.041072050121823876
0 0.03950574312565263 0.7410372432996868 0.027497389488339713 0.0403759136790811
0 0.021928297946397494 0.7683605986773407 0.04385659589279499 0.03376261747302471
0 0.2789766794291681 0.5106160807518274 0.05255830142707971 0.05151409676296554
0 0.20692655760529063 0.5177514792899408 0.05464671075530804 0.04559693699965193
0 0.2634876435781413 0.45231465367211976 0.061956143404107204 0.05743125652627915
0 0.24155934563174383 0.3941872607030978 0.048033414549251655 0.05186216498433693
0 0.17420814479638008 0.4255134006265228 0.044204664114166375 0.049773755656108594
1 0.14462234597981205 0.3851374869474417 0.05603898364079359 0.044204664114166375
1 0.10407239819004525 0.40967629655412463 0.05360250609119387 0.047337278106508875
1 0.010093978419770276 0.42690567351200837 0.02018795683954055 0.04559693699965193
0 0.033414549251653325 0.3470240167072746 0.03619909502262444 0.05429864253393665
1 0.9016707274625827 0.8853115210581274 0.05534284719805082 0.04072398190045249
0 0.9747650539505743 0.9331709014966934 0.050469892098851374 0.04872955099199443
0 0.9237730595196658 0.9507483466759485 0.05151409676296554 0.044204664114166375
0 0.9615384615384616 0.8618169161155587 0.04698920988513749 0.02854159415245388
0 0.9805081796032022 0.8226592412112774 0.03828750435085277 0.044204664114166375
1 0.9860772711451444 0.7774103724329968 0.027845457709711103 0.03515489035851027
0 0.9469195962408632 0.7462582666202575 0.04907761921336582 0.055690915419422206
0 0.8995823181343543 0.7746258266620257 0.0435085276714236 0.03793943612948138
0 0.9204664114166377 0.6756004176818656 0.04142011834319527 0.056387051862164986
0 0.9314305603898364 0.5600417681865646 0.024364775495997214 0.03550295857988166
0 0.9571876087713191 0.5838844413505047 0.0403759136790811 0.06230421162547859
1 0.8177862861120779 0.5676992690567351 0.03445875391576749 0.030630003480682212
0 0.8111729899060216 0.6009397841977028 0.05464671075530804 0.04281239122868082
0 0.8736512356421858 0.6052906369648451 0.034110685694396105 0.03619909502262444
0 0.8823529411764706 0.5703097807170205 0.03898364079359554 0.04698920988513749
0 0.903759136790811 0.5038287504350852 0.04211625478593804 0.04838148277062304
0 0.9524886877828054 0.4813783501566307 0.044204664114166375 0.05221023320570832
0 0.8727810650887574 0.468673860076575 0.044204664114166375 0.030281935259310826
0 0.910546467107553 0.42151061608075185 0.027845457709711103 0.03759136790810999
1 0.5118343195266272 0.4129829446571528 0.04142011834319527 0.0435085276714236
1 0.48590323703445876 0.44622345979812045 0.032718412808910545 0.041072050121823876
0 0.4460494256874347 0.38061260006961367 0.049773755656108594 0.06369648451096414
1 0.3672119735468152 0.39157674904281237 0.04872955099199443 0.03689523146536721
0 0.5857988165680473 0.4768534632788026 0.061956143404107204 0.055690915419422206
0 0.6188652975983293 0.40967629655412463 0.054994778976679426 0.046641141663766095
0 0.6802993386703794 0.32335537765402017 0.058127392969021925 0.04524886877828054
0 0.7645318482422555 0.290462930734424 0.04629307344239471 0.044204664114166375
0 0.7662721893491125 0.35642185868430215 0.05186216498433693 0.05708318830490776
0 0.8487643578141316 0.3505046989209885 0.05325443786982249 0.03550295857988166
0 0.8760877131917856 0.3290985033066481 0.027845457709711103 0.03376261747302471
0 0.8712147580925862 0.3127392969021928 0.026453184824225547 0.036547163243995824
0 0.9660633484162896 0.2453880960668291 0.030978071702053602 0.03689523146536721
0 0.9737208492864602 0.37434737208492863 0.02262443438914027 0.021928297946397494
0 0.09241211277410373 0.23477201531500175 0.058823529411764705 0.04907761921336582
0 0.07500870170553428 0.19213365819700662 0.03167420814479638 0.04594500522102332
0 0.1823877479986077 0.20013922728854855 0.054994778976679426 0.04872955099199443
0 0.16637660981552385 0.31848242255482073 0.056387051862164986 0.05012182387747999
0 0.24608423250957187 0.33727810650887574 0.03619909502262444 0.046641141663766095
0 0.2641837800208841 0.2883745214061956 0.042464323007309436 0.05186216498433693
0 0.19126348764357815 0.11973546815175774 0.04002784545770971 0.04385659589279499
1 0.2542638357117995 0.13174382178907065 0.04002784545770971 0.05534284719805082
0 0.7011834319526628 0.7100591715976331 0.05255830142707971 0.05012182387747999
0 0.7055342847198051 0.2580925861468848 0.05917159763313609 0.06091193873999304
0 0.788722589627567 0.17246780368952314 0.06265227984684998 0.05325443786982249
1 0.8442394709363035 0.1456665506439262 0.04838148277062304 0.04559693699965193
0 0.9150713539853811 0.2024016707274626 0.04385659589279499 0.037243299686738604
0 0.970936303515489 0.3136094674556213 0.04698920988513749 0.027149321266968326
0 0.6935259310824922 0.1242603550295858 0.07692307692307693 0.06543682561782109
0 0.786460146188653 0.06038983640793596 0.0713539853811347 0.06439262095370693
0 0.8531152105812739 0.05395057431256526 0.041768186564566656 0.04524886877828054
0 0.9810302819352593 0.05186216498433693 0.03793943612948138 0.056387051862164986
0 0.9143752175426384 0.02140619561434041 0.041768186564566656 0.04281239122868082
1 0.9865993734772015 0.12147580925861469 0.026801253045596937 0.046641141663766095
0 0.6869126348764358 0.028715628263139576 0.04559693699965193 0.04698920988513749
0 0.5873651235642185 0.25878872258962754 0.06439262095370693 0.06996171249564914
0 0.5273233553776541 0.08231813435433345 0.06891750783153498 0.05534284719805082
0 0.5882352941176471 0.022798468499825964 0.06474068917507832 0.04559693699965193
1 0.4002784545770971 0.0964148973198747 0.06404455273233554 0.05151409676296554
0 0.3167420814479638 0.08945353289244692 0.05708318830490776 0.05012182387747999
0 0.29603202227636616 0.15123564218586844 0.05743125652627915 0.050469892098851374
0 0.24678036895231464 0.05429864253393665 0.041768186564566656 0.05081796032022276
0 0.2793247476505395 0.03602506091193874 0.03376261747302471 0.05673512008353637
0 0.3082144100243648 0.041768186564566656 0.03515489035851027 0.04942568743473721
0 0.032718412808910545 0.15088757396449703 0.03202227636616777 0.044204664114166375
0 0.011660285415941524 0.17507831534980856 0.023320570831883047 0.05708318830490776
0 0.03202227636616777 0.07988165680473373 0.03619909502262444 0.03445875391576749
0 0.10494256874347373 0.0403759136790811 0.03863557257222416 0.05012182387747999
1 0.04751131221719457 0.0403759136790811 0.03863557257222416 0.046641141663766095
0 0.02453880960668291 0.024364775495997214 0.03306648103028194 0.03967977723633832
0 0.33449356073790465 0.3353637312913331 0.08144796380090498 0.059519665854507485
0 0.5337626174730247 0.34650191437521755 0.04907761921336582 0.0435085276714236
0 0.4904281239122868 0.31534980856247824 0.06752523494604942 0.047337278106508875
0 0.47894187260703097 0.2650539505743126 0.041768186564566656 0.037243299686738604
0 0.5142707970762269 0.22276366167768882 0.051166028541594154 0.046641141663766095
0 0.4098503306648103 0.20153150017403412 0.08527671423599026 0.07587887225896275
0 0.3658197006613296 0.4526627218934911 0.04524886877828054 0.044900800556909155
0 0.303515489035851 0.6199095022624435 0.03828750435085277 0.046641141663766095
1 0.8418029933867038 0.39644970414201186 0.030978071702053602 0.032718412808910545
1 0.9719805081796032 0.4048033414549252 0.04072398190045249 0.033414549251653325
0 0.9329968673860076 0.36738600765750085 0.02610511660285416 0.020536025060911938
0 0.9481378350156631 0.39035851026801255 0.02297250261051166 0.03167420814479638
0 0.9824225548207449 0.3431952662721893 0.03306648103028194 0.029933867037939436
1 0.03184824225548207 0.8301427079707623 0.029585798816568046 0.03480682213713888
