1 0.3113470240167073 0.3104768534632788 0.06787330316742081 0.05221023320570832
1 0.39192481726418377 0.3289244691959624 0.06682909850330665 0.05221023320570832
1 0.493734772015315 0.42081447963800905 0.058823529411764705 0.07448659937347721
1 0.593978419770275 0.38078663418029934 0.06926557605290637 0.05777932474765054
1 0.17490428123912286 0.42429516185172295 0.05186216498433693 0.05151409676296554
1 0.44587539157674905 0.11329620605638706 0.03480682213713888 0.04768534632788026
1 0.44831186912634874 0.15680473372781065 0.05012182387747999 0.03863557257222416
1 0.6606334841628959 0.1926557605290637 0.05777932474765054 0.06091193873999304
1 0.7617473024712844 0.2453880960668291 0.044900800556909155 0.04594500522102332
1 0.962930734423947 0.27410372432996866 0.04907761921336582 0.058823529411764705
0 0.8456317438217891 0.31917855899756353 0.05534284719805082 0.05012182387747999
0 0.8155238426731639 0.2946397493908806 0.04594500522102332 0.04559693699965193
1 0.8922728854855552 0.37156282631395754 0.049773755656108594 0.07065784893839193
0 0.6900452488687783 0.3162199791159067 0.05464671075530804 0.04698920988513749
1 0.5104420466411417 0.5189697180647407 0.044900800556909155 0.061956143404107204
1 0.06265227984684998 0.7975983292725374 0.03759136790810999 0.07274625826662026
0 0.07848938391924817 0.8545074834667595 0.04768534632788026 0.05429864253393665
0 0.16898712147580927 0.7415593456317439 0.05325443786982249 0.06787330316742081
1 0.10215802297250261 0.5574312565262791 0.04559693699965193 0.058127392969021925
0 0.11416637660981552 0.656630699617125 0.047337278106508875 0.07344239470936303
1 0.282457361642882 0.6279150713539854 0.04907761921336582 0.061956143404107204
1 0.7305951966585451 0.41820396797772363 0.06404455273233554 0.09084580577793247
1 0.8771319178558997 0.4719805081796032 0.05360250609119387 0.05708318830490776
1 0.9827706230421163 0.41472328576400974 0.03445875391576749 0.06021580229725026
1 0.9803341454925165 0.6303515489035851 0.03933170901496694 0.041768186564566656
1 0.30873651235642185 0.10459450052210233 0.06961364427427776 0.05743125652627915
0 0.16707274625826662 0.08197006613296207 0.04385659589279499 0.058823529411764705
0 0.09571876087713192 0.05917159763313609 0.05708318830490776 0.05986773407587887
0 0.09223807866341803 0.13156978767838495 0.04455273233553777 0.05012182387747999
0 0.051688130873651233 0.15454229028889663 0.05534284719805082 0.06682909850330665
0 0.20431604594500521 0.15750087017055342 0.056387051862164986 0.05395057431256526
1 0.26279150713539856 0.02540898016011138 0.10581273929690219 0.05081796032022276
1 0.3085624782457362 0.4072398190045249 0.04698920988513749 0.05429864253393665
0 0.2358162199791159 0.4629307344239471 0.05464671075530804 0.046641141663766095
0 0.10111381830838845 0.45127044900800556 0.06717716672467804 0.06160807518273582
0 0.07030978071702054 0.37156282631395754 0.025060911938739994 0.02610511660285416
0 0.04907761921336582 0.35572572224155935 0.046641141663766095 0.05290636964845109
0 0.1641141663766098 0.3555516881308737 0.06369648451096414 0.07413853115210581
1 0.1333101287852419 0.3010790114862513 0.05151409676296554 0.05290636964845109
1 0.10929342151061608 0.24956491472328576 0.056387051862164986 0.05777932474765054
1 0.023494604942568744 0.30334145492516534 0.04698920988513749 0.03515489035851027
1 0.7422554820744866 0.9490080055690916 0.04907761921336582 0.06160807518273582
0 0.8242255482074486 0.9079359554472677 0.07587887225896275 0.07831534980856247
0 0.9150713539853811 0.8484162895927602 0.04942568743473721 0.050469892098851374
0 0.8611207796728159 0.8240515140967629 0.05847546119039332 0.05255830142707971
1 0.7793247476505395 0.8424991298294465 0.054994778976679426 0.05534284719805082
0 0.6996171249564914 0.8471980508179603 0.04872955099199443 0.05151409676296554
1 0.6595892794987818 0.7542638357117996 0.061956143404107204 0.05847546119039332
1 0.76192133658197 0.7298990602158023 0.05429864253393665 0.046641141663766095
0 0.8327532196310476 0.7601809954751131 0.04838148277062304 0.05221023320570832
1 0.8480682213713888 0.7060563870518621 0.05603898364079359 0.04698920988513749
1 0.9526627218934911 0.7258962756700313 0.05360250609119387 0.03933170901496694
1 0.7325095718760877 0.6206056387051863 0.03863557257222416 0.048033414549251655
1 0.8445875391576749 0.6303515489035851 0.05534284719805082 0.04594500522102332
0 0.8924469195962409 0.5908458057779324 0.04524886877828054 0.050469892098851374
0 0.9570135746606335 0.5281935259310825 0.04211625478593804 0.03933170901496694
0 0.9202923773059519 0.48677340758788723 0.03898364079359554 0.04768534632788026
0 0.9235990254089802 0.4263835711799513 0.059519665854507485 0.05151409676296554
0 0.28680821441002435 0.8372781065088757 0.061260006961364424 0.05186216498433693
0 0.4190741385311521 0.7984684998259659 0.05151409676296554 0.04942568743473721
0 0.491472328576401 0.7941176470588235 0.047337278106508875 0.04629307344239471
0 0.3545074834667595 0.7354681517577445 0.05603898364079359 0.05360250609119387
1 0.3983640793595545 0.8910546467107553 0.04142011834319527 0.04942568743473721
0 0.5111381830838845 0.9477897667942917 0.03306648103028194 0.03619909502262444
0 0.48294465715280194 0.9591019839888618 0.049773755656108594 0.04281239122868082
0 0.5866689871214759 0.8482422554820744 0.059519665854507485 0.05290636964845109
0 0.5238426731639402 0.8616428820048729 0.04872955099199443 0.04142011834319527
0 0.47981204316045944 0.8398886181691612 0.035851026801253044 0.03898364079359554
0 0.47928994082840237 0.8947093630351549 0.041768186564566656 0.0435085276714236
0 0.4437869822485207 0.8649495301079011 0.05151409676296554 0.047337278106508875
0 0.6004176818656457 0.7236338322311173 0.05151409676296554 0.041768186564566656
0 0.5986773407587888 0.6590671771667247 0.07587887225896275 0.050469892098851374
0 0.5990254089801601 0.5859728506787331 0.06822137138879221 0.07205012182387747
0 0.4933867037939436 0.665158371040724 0.06717716672467804 0.061956143404107204
0 0.37504350852767143 0.5804037591367908 0.06926557605290637 0.06787330316742081
0 0.42742777584406544 0.5057431256526279 0.04872955099199443 0.05917159763313609
0 0.2051862164984337 0.6759484859032371 0.07901148625130526 0.06961364427427776
1 0.0777932474765054 0.9441350504698921 0.04211625478593804 0.04211625478593804
0 0.027497389488339713 0.9444831186912634 0.026453184824225547 0.027497389488339713
0 0.0433344935607379 0.9491820396797772 0.027497389488339713 0.04872955099199443
0 0.064914723285764 0.9009745910198399 0.036547163243995824 0.03863557257222416
0 0.4949530107901149 0.32526975287156284 0.048033414549251655 0.05395057431256526
0 0.5683954054994779 0.28489383919248173 0.05429864253393665 0.05534284719805082
0 0.7119735468151758 0.1397493908806126 0.05325443786982249 0.04281239122868082
0 0.8693003828750435 0.11399234249912983 0.03237034458753916 0.04698920988513749
0 0.8317090149669335 0.12547859380438567 0.050469892098851374 0.04072398190045249
0 0.9035851026801253 0.08022972502610512 0.05360250609119387 0.05395057431256526
0 0.9523146536721198 0.14549251653324052 0.0403759136790811 0.05847546119039332
0 0.9524886877828054 0.0402018795683954 0.05395057431256526 0.06439262095370693
0 0.8357117995127045 0.036547163243995824 0.05777932474765054 0.04942568743473721
1 0.870692655760529 0.24799860772711452 0.05186216498433693 0.049773755656108594
1 0.805255830142708 0.21528019491820397 0.04559693699965193 0.05395057431256526
0 0.9510964148973199 0.19909502262443438 0.05186216498433693 0.056387051862164986
0 0.7808910546467107 0.09119387399930386 0.05464671075530804 0.047337278106508875
0 0.7690567351200835 0.03863557257222416 0.05464671075530804 0.04872955099199443
0 0.4378698224852071 0.20692655760529063 0.05081796032022276 0.05464671075530804
0 0.5196658545074835 0.1985729202923773 0.056387051862164986 0.06369648451096414
0 0.5661329620605638 0.19039331709014967 0.044204664114166375 0.07100591715976332
1 0.49129829446571527 0.11399234249912983 0.0435085276714236 0.04838148277062304
1 0.5725722241559346 0.102506091193874 0.03967977723633832 0.050469892098851374
0 0.6157326836059868 0.06891750783153498 0.06822137138879221 0.06543682561782109
0 0.3038635572572224 0.21615036547163244 0.04942568743473721 0.04872955099199443
0 0.22885485555168814 0.2608771319178559 0.058127392969021925 0.05325443786982249
0 0.18186564566655064 0.2149321266968326 0.044900800556909155 0.05603898364079359
0 0.7434737208492864 0.5421162547859381 0.09885137486947441 0.09711103376261747
1 0.6153846153846154 0.4857292029237731 0.07727114514444831 0.08249216846501914
0 0.780194918203968 0.3139575356769927 0.04629307344239471 0.047337278106508875
