0 0.027497389488339713 0.09450052210233206 0.04524886877828054 0.04838148277062304
1 0.14462234597981205 0.028193525931082493 0.049773755656108594 0.05360250609119387
0 0.14897319874695442 0.14044552732335538 0.05081796032022276 0.06787330316742081
1 0.05551688130873651 0.17751479289940827 0.04768534632788026 0.05360250609119387
0 0.08649495301079012 0.23059519665854508 0.05673512008353637 0.05325443786982249
0 0.15436825617821093 0.2149321266968326 0.06021580229725026 0.06230421162547859
0 0.03324051514096763 0.273929690219283 0.06160807518273582 0.04872955099199443
0 0.09798120431604594 0.28680821441002435 0.049773755656108594 0.0403759136790811
0 0.1371388792203272 0.33988861816916116 0.05221023320570832 0.04907761921336582
0 0.03080403759136791 0.39610163592064046 0.04559693699965193 0.05081796032022276
0 0.1679429168116951 0.4507483466759485 0.06160807518273582 0.056387051862164986
0 0.05777932474765054 0.5363731291333101 0.042464323007309436 0.03898364079359554
0 0.11260006961364427 0.5294117647058824 0.04559693699965193 0.05012182387747999
0 0.07048381482770623 0.6117298990602158 0.06369648451096414 0.04629307344239471
0 0.20274973894883397 0.5252349460494257 0.058823529411764705 0.04385659589279499
0 0.29638009049773756 0.5074834667594849 0.03376261747302471 0.06474068917507832
0 0.23668639053254437 0.6214758092586147 0.06613296206056388 0.03793943612948138
1 0.13800904977375567 0.6700313261399234 0.05186216498433693 0.05290636964845109
0 0.10964148973198747 0.6437521754263835 0.047337278106508875 0.03445875391576749
0 0.2239819004524887 0.6601113818308388 0.05395057431256526 0.04072398190045249
0 0.3374521406195614 0.629307344239471 0.06439262095370693 0.05708318830490776
0 0.3421510616080752 0.5482074486599373 0.0403759136790811 0.048033414549251655
1 0.294987817612252 0.7325095718760877 0.05395057431256526 0.05743125652627915
1 0.2199791159067177 0.7754959972154543 0.04594500522102332 0.041768186564566656
1 0.17420814479638008 0.7521754263835712 0.0435085276714236 0.05290636964845109
1 0.363905325443787 0.7808910546467107 0.05255830142707971 0.05743125652627915
1 0.4342151061608075 0.8038635572572224 0.037243299686738604 0.05255830142707971
0 0.4467455621301775 0.6858684302123216 0.051166028541594154 0.06091193873999304
0 0.45509919944309085 0.5868430212321615 0.04281239122868082 0.04455273233553777
1 0.4684998259658893 0.4876435781413157 0.03759136790810999 0.054994778976679426
0 0.37191089453532894 0.45440306300034805 0.04838148277062304 0.044900800556909155
1 0.5245388096066829 0.4857292029237731 0.04455273233553777 0.04907761921336582
0 0.28680821441002435 0.38670379394361293 0.03550295857988166 0.05847546119039332
0 0.25983292725374174 0.3548555516881309 0.03167420814479638 0.044204664114166375
0 0.24973894883397146 0.29916463626870865 0.04072398190045249 0.04698920988513749
0 0.27445179255134006 0.2681865645666551 0.04211625478593804 0.04072398190045249
0 0.328576400974591 0.328576400974591 0.05986773407587887 0.06404455273233554
0 0.3235294117647059 0.26174730247128436 0.05325443786982249 0.05151409676296554
1 0.4368256178210929 0.24956491472328576 0.03689523146536721 0.05360250609119387
0 0.4229028889662374 0.1858684302123216 0.05777932474765054 0.061956143404107204
0 0.29289940828402367 0.10337626174730247 0.06160807518273582 0.06682909850330665
0 0.39853811347024015 0.05464671075530804 0.05290636964845109 0.054994778976679426
0 0.5180995475113123 0.11764705882352941 0.05603898364079359 0.05429864253393665
0 0.5838844413505047 0.08927949878176122 0.049773755656108594 0.05464671075530804
1 0.5772711451444483 0.1494953010790115 0.04768534632788026 0.04838148277062304
1 0.7417333797424295 0.041072050121823876 0.06056387051862165 0.05221023320570832
1 0.7667942916811695 0.14688478941872607 0.047337278106508875 0.05221023320570832
0 0.8585102680125305 0.064914723285764 0.05186216498433693 0.05186216498433693
1 0.9369996519317786 0.12252001392272885 0.047337278106508875 0.04316045945005221
0 0.9591019839888618 0.20379394361294814 0.03863557257222416 0.049773755656108594
0 0.9411764705882353 0.2507831534980856 0.03898364079359554 0.03793943612948138
1 0.847372084928646 0.342847198050818 0.044900800556909155 0.05151409676296554
0 0.7965541246084232 0.4002784545770971 0.044204664114166375 0.04594500522102332
0 0.7392969021928298 0.3339714584058475 0.04594500522102332 0.04211625478593804
0 0.6961364427427776 0.3628611207796728 0.03550295857988166 0.04907761921336582
0 0.659415245388096 0.3419770274973895 0.04002784545770971 0.05325443786982249
0 0.6414897319874695 0.2640097459101984 0.047337278106508875 0.05534284719805082
0 0.5757048381482771 0.40619561434041074 0.05012182387747999 0.04524886877828054
0 0.4973894883397146 0.40515140967629654 0.042464323007309436 0.04316045945005221
1 0.6691611555864949 0.4683257918552036 0.044204664114166375 0.049773755656108594
0 0.7164984336930038 0.4935607379046293 0.05186216498433693 0.04316045945005221
0 0.5833623390184476 0.5301079011486252 0.04385659589279499 0.03550295857988166
1 0.6089453532892447 0.5823181343543334 0.03515489035851027 0.03967977723633832
1 0.547859380438566 0.6181691611555865 0.05151409676296554 0.05151409676296554
0 0.6202575704838148 0.6340062652279846 0.04316045945005221 0.044900800556909155
0 0.6982248520710059 0.6663766098155238 0.04594500522102332 0.044900800556909155
0 0.5633484162895928 0.7267664462234598 0.044900800556909155 0.05708318830490776
1 0.790462930734424 0.6533240515140968 0.055690915419422206 0.04594500522102332
1 0.8426731639401323 0.5786634180299338 0.047337278106508875 0.04768534632788026
0 0.8990602158022972 0.6380090497737556 0.03759136790810999 0.042464323007309436
0 0.9323007309432649 0.679429168116951 0.035851026801253044 0.05012182387747999
0 0.9340410720501219 0.5341106856943961 0.04072398190045249 0.05603898364079359
0 0.8002088409328229 0.4902540898016011 0.048033414549251655 0.03793943612948138
0 0.8750435085276714 0.4387399930386356 0.04942568743473721 0.05325443786982249
0 0.5454229028889662 0.29028889662373825 0.048033414549251655 0.05151409676296554
0 0.761399234249913 0.7716672467803689 0.044204664114166375 0.04316045945005221
0 0.8438914027149321 0.8036895231465367 0.051166028541594154 0.03689523146536721
0 0.8630351548903585 0.7520013922728855 0.050469892098851374 0.04142011834319527
1 0.9423947093630352 0.7913331012878524 0.05534284719805082 0.06160807518273582
1 0.8778280542986425 0.8868778280542986 0.05221023320570832 0.047337278106508875
0 0.9444831186912634 0.9204664114166377 0.0685694396101636 0.06648103028193526
0 0.6604594500522102 0.910546467107553 0.058127392969021925 0.048033414549251655
0 0.7177166724678037 0.8431952662721893 0.05777932474765054 0.0435085276714236
0 0.633832231117299 0.7883745214061956 0.05012182387747999 0.054994778976679426
1 0.5403759136790811 0.832057083188305 0.04559693699965193 0.04559693699965193
1 0.4878176122520014 0.8184824225548207 0.044204664114166375 0.04768534632788026
0 0.5480334145492517 0.8978419770274974 0.06230421162547859 0.058127392969021925
1 0.4872955099199443 0.9906021580229725 0.04594500522102332 0.018795683954054995
0 0.3947093630351549 0.9166376609815524 0.06613296206056388 0.05464671075530804
1 0.2882004872955099 0.8748694744169857 0.04942568743473721 0.04768534632788026
0 0.2767142359902541 0.9712843717368604 0.07030978071702054 0.05603898364079359
0 0.19944309084580578 0.8649495301079011 0.05012182387747999 0.04594500522102332
0 0.042464323007309436 0.8973198746954403 0.05221023320570832 0.04385659589279499
0 0.1273929690219283 0.8465019143752175 0.05360250609119387 0.054994778976679426
0 0.02732335537765402 0.8071702053602506 0.050469892098851374 0.048033414549251655
0 0.22798468499825966 0.4895579533588583 0.04524886877828054 0.03515489035851027
1 0.01305255830142708 0.48973198746954405 0.02610511660285416 0.05847546119039332
