0 0.01809954751131222 0.07100591715976332 0.026453184824225547 0.027149321266968326
0 0.05917159763313609 0.029063696484510963 0.04316045945005221 0.02888966237382527
0 0.1773407587887226 0.03324051514096763 0.05603898364079359 0.05325443786982249
1 0.2575704838148277 0.08527671423599026 0.041768186564566656 0.06334841628959276
0 0.38774799860772713 0.07205012182387747 0.048033414549251655 0.04316045945005221
0 0.422554820744866 0.07953358858336233 0.041768186564566656 0.05743125652627915
0 0.5708318830490776 0.03550295857988166 0.06961364427427776 0.06682909850330665
1 0.48642533936651583 0.12843717368604246 0.049773755656108594 0.05777932474765054
1 0.6084232509571876 0.1496693351896972 0.04385659589279499 0.04524886877828054
0 0.6534980856247825 0.1054646710755308 0.035851026801253044 0.029933867037939436
0 0.6557605290636965 0.0433344935607379 0.04594500522102332 0.05534284719805082
0 0.694222067525235 0.15715280194918205 0.044900800556909155 0.04211625478593804
1 0.845109641489732 0.18447615732683606 0.046641141663766095 0.04455273233553777
1 0.8853115210581274 0.12269404803341455 0.04768534632788026 0.04211625478593804
0 0.9467455621301775 0.1554124608423251 0.04385659589279499 0.05603898364079359
1 0.9796380090497737 0.2803689523146537 0.03933170901496694 0.05255830142707971
1 0.9514444831186912 0.3444135050469892 0.04559693699965193 0.04211625478593804
1 0.888966237382527 0.3000348068221371 0.04942568743473721 0.04524886877828054
0 0.8703445875391577 0.2523494604942569 0.04211625478593804 0.04524886877828054
1 0.8249216846501914 0.3390184476157327 0.04455273233553777 0.048033414549251655
0 0.7942916811695092 0.2539157674904281 0.04872955099199443 0.04838148277062304
1 0.8703445875391577 0.40967629655412463 0.051166028541594154 0.05429864253393665
0 0.9758092586146885 0.4227288548555517 0.0435085276714236 0.04072398190045249
0 0.9855551688130874 0.49825965889314305 0.02888966237382527 0.04211625478593804
0 0.9054994778976679 0.5057431256526279 0.04559693699965193 0.04316045945005221
0 0.9467455621301775 0.5494256874347372 0.04316045945005221 0.0435085276714236
0 0.814305603898364 0.47894187260703097 0.050469892098851374 0.07518273581621998
1 0.7502610511660286 0.5095718760877131 0.04907761921336582 0.041072050121823876
0 0.6836059867734076 0.3498085624782457 0.05429864253393665 0.055690915419422206
1 0.6853463278802645 0.2692307692307692 0.05290636964845109 0.049773755656108594
0 0.5440306300034807 0.23964497041420119 0.04594500522102332 0.04559693699965193
0 0.46240863209189004 0.2794987817612252 0.04629307344239471 0.048033414549251655
1 0.4199443090845806 0.3016011138183084 0.0435085276714236 0.04907761921336582
1 0.39035851026801255 0.20118343195266272 0.05325443786982249 0.05986773407587887
0 0.34267316394013225 0.13209189001044205 0.059519665854507485 0.06230421162547859
0 0.2539157674904281 0.18865297598329273 0.05534284719805082 0.047337278106508875
1 0.1735120083536373 0.1801253045596937 0.04907761921336582 0.06439262095370693
1 0.08736512356421859 0.20327184128089104 0.03967977723633832 0.03202227636616777
1 0.11347024016707274 0.3130873651235642 0.04316045945005221 0.04072398190045249
0 0.19909502262443438 0.2600069613644274 0.05360250609119387 0.05012182387747999
0 0.19787678384963453 0.36529759832927255 0.06021580229725026 0.05186216498433693
0 0.13626870866689872 0.39575356769926906 0.05464671075530804 0.05290636964845109
0 0.10511660285415941 0.3612948137835016 0.03967977723633832 0.041768186564566656
1 0.2328576400974591 0.40898016011138183 0.04455273233553777 0.04872955099199443
1 0.2895927601809955 0.3686042464323007 0.0403759136790811 0.04872955099199443
1 0.2951618517229377 0.4387399930386356 0.03689523146536721 0.04559693699965193
0 0.12025757048381483 0.4502262443438914 0.04559693699965193 0.050469892098851374
0 0.04716324399582318 0.48520710059171596 0.04838148277062304 0.03619909502262444
1 0.018273581621997912 0.5113122171945701 0.03515489035851027 0.04872955099199443
1 0.1146884789418726 0.5603898364079359 0.059519665854507485 0.047337278106508875
0 0.17786286112077968 0.5713539853811347 0.06056387051862165 0.06300034806822137
0 0.1117298990602158 0.6641141663766098 0.032718412808910545 0.041768186564566656
0 0.13069961712495648 0.6625478593804386 0.03863557257222416 0.049773755656108594
1 0.08510268012530456 0.7062304211625479 0.04838148277062304 0.04524886877828054
0 0.10894535328924469 0.7558301427079708 0.04594500522102332 0.04838148277062304
0 0.07587887225896275 0.8103028193525931 0.042464323007309436 0.03550295857988166
0 0.029759832927253742 0.8278802645318483 0.05395057431256526 0.06021580229725026
0 0.12617473024712844 0.8626870866689871 0.05673512008353637 0.04768534632788026
0 0.14148973198746953 0.9147232857640097 0.058823529411764705 0.05708318830490776
0 0.22241559345631745 0.8811347024016707 0.05708318830490776 0.058127392969021925
0 0.14879916463626872 0.9775495997215454 0.05464671075530804 0.044900800556909155
1 0.37417333797424296 0.9349112426035503 0.048033414549251655 0.05360250609119387
1 0.3477201531500174 0.37765402018795685 0.04594500522102332 0.05151409676296554
1 0.35189697180647406 0.45736164288200487 0.06265227984684998 0.04872955099199443
0 0.44622345979812045 0.3733031674208145 0.042464323007309436 0.03933170901496694
0 0.5325443786982249 0.3637312913331013 0.05360250609119387 0.05081796032022276
1 0.5403759136790811 0.3955795335885834 0.0713539853811347 0.044900800556909155
1 0.5676992690567351 0.506265227984685 0.042464323007309436 0.05464671075530804
0 0.6524538809606683 0.47041420118343197 0.04211625478593804 0.04142011834319527
1 0.6703793943612948 0.597981204316046 0.03967977723633832 0.04872955099199443
1 0.7845457709711103 0.6200835363731292 0.041072050121823876 0.051166028541594154
1 0.7352941176470589 0.6688130873651236 0.04559693699965193 0.04629307344239471
1 0.9009745910198399 0.6510616080751828 0.05743125652627915 0.0650887573964497
0 0.8438914027149321 0.7424295161851723 0.06021580229725026 0.056387051862164986
0 0.8694744169857292 0.7923773059519665 0.05708318830490776 0.05534284719805082
0 0.7969021928297947 0.7788026453184824 0.051166028541594154 0.03167420814479638
0 0.8036895231465367 0.8106508875739645 0.05012182387747999 0.04942568743473721
0 0.7250261051166028 0.7213713887922033 0.042464323007309436 0.04072398190045249
0 0.6978767838496345 0.8847894187260703 0.056387051862164986 0.05290636964845109
0 0.6244343891402715 0.8891402714932126 0.03967977723633832 0.04142011834319527
0 0.5934563174382179 0.872432996867386 0.056387051862164986 0.06160807518273582
0 0.585450748346676 0.7788026453184824 0.03689523146536721 0.044204664114166375
1 0.5408980160111382 0.7930734423947093 0.04872955099199443 0.036547163243995824
0 0.5041768186564567 0.8691263487643578 0.04838148277062304 0.05290636964845109
0 0.4730247128437174 0.7788026453184824 0.04524886877828054 0.04629307344239471
1 0.5174034110685695 0.6811695092238078 0.03376261747302471 0.04594500522102332
0 0.5066132962060564 0.6105116602854159 0.04281239122868082 0.05708318830490776
1 0.47928994082840237 0.5871910894535329 0.03759136790810999 0.04316045945005221
0 0.27862861120779675 0.49582318134354336 0.044900800556909155 0.05534284719805082
1 0.33118691263487643 0.5779672815871911 0.04211625478593804 0.05255830142707971
1 0.27149321266968324 0.5757048381482771 0.04455273233553777 0.05081796032022276
1 0.24277758440654368 0.6616776888270101 0.050469892098851374 0.04316045945005221
0 0.3256178210929342 0.6515837104072398 0.058127392969021925 0.05290636964845109
0 0.38009049773755654 0.6559345631743821 0.04872955099199443 0.051166028541594154
0 0.3297946397493909 0.7293769578837452 0.04838148277062304 0.058127392969021925
1 0.2486947441698573 0.7546119039331709 0.04629307344239471 0.05917159763313609
0 0.1642882004872955 0.7286808214410024 0.06265227984684998 0.06578489383919248
1 0.3066481030281935 0.8294465715280195 0.061956143404107204 0.03967977723633832
0 0.5741385311521058 0.9507483466759485 0.05255830142707971 0.049773755656108594
0 0.8217890706578489 0.9578837452140619 0.05360250609119387 0.05429864253393665
0 0.9124608423250957 0.9131569787678385 0.03167420814479638 0.04698920988513749
0 0.916289592760181 0.9825965889314305 0.04629307344239471 0.03480682213713888
0 0.9093282283327532 0.0683954054994779 0.029585798816568046 0.03793943612948138
1 0.9128089105464671 0.02697528715628263 0.06787330316742081 0.050469892098851374
