1 0.5116562282533055 0.46119039331709016 0.0685455810716771 0.06404455273233554
1 0.46102992345163535 0.5857988165680473 0.05706332637439109 0.05290636964845109
1 0.6132567849686847 0.6033762617473025 0.07759220598469033 0.06648103028193526
0 0.5163535142658316 0.5542986425339367 0.04801670146137787 0.04907761921336582
0 0.4398051496172582 0.521058127392969 0.07515657620041753 0.05429864253393665
0 0.7360821155184412 0.5805777932474765 0.05045233124565066 0.06961364427427776
0 0.8568197633959638 0.6225200139227288 0.08037578288100208 0.0748346675948486
1 0.569937369519833 0.7526975287156282 0.054975643702157274 0.06160807518273582
1 0.41492693110647183 0.7575704838148277 0.05741127348643006 0.058823529411764705
1 0.44015309672929714 0.9058475461190393 0.06889352818371608 0.0776192133658197
1 0.27800974251913707 0.9356073790462931 0.06332637439109255 0.054994778976679426
0 0.2117258176757133 0.884441350504699 0.059498956158663886 0.05012182387747999
0 0.24251913709116216 0.8167420814479638 0.07167710508002784 0.04211625478593804
1 0.3729993041057759 0.8485903237034459 0.04732080723729993 0.048033414549251655
0 0.17066805845511482 0.744865993734772 0.04836464857341684 0.06474068917507832
0 0.11760612386917188 0.7568743473720849 0.04662491301322199 0.044204664114166375
0 0.09794711203897008 0.8922728854855552 0.05393180236604036 0.058823529411764705
0 0.09986082115518441 0.9644970414201184 0.07515657620041753 0.07100591715976332
1 0.06245650661099513 0.8431952662721893 0.06228253305497564 0.06369648451096414
0 0.12004175365344467 0.619561434041072 0.059846903270702856 0.054994778976679426
1 0.14265831593597772 0.5551688130873651 0.055671537926235214 0.05708318830490776
1 0.0895963813500348 0.41402714932126694 0.07828810020876827 0.07622694048033414
1 0.16144745998608212 0.3216150365471632 0.04384133611691023 0.05290636964845109
0 0.21433542101600556 0.37312913331012876 0.05706332637439109 0.06613296206056388
0 0.2407794015309673 0.42325095718760875 0.05149617258176757 0.07100591715976332
0 0.24112734864300625 0.4911242603550296 0.07654836464857341 0.08005569091541942
0 0.3326374391092554 0.49530107901148623 0.06471816283924843 0.061956143404107204
1 0.1327418232428671 0.2650539505743126 0.04279749478079332 0.05534284719805082
1 0.1581419624217119 0.20953706926557605 0.04488517745302714 0.042464323007309436
0 0.20668058455114824 0.23024712843717368 0.049408489909533754 0.04281239122868082
1 0.22112038970076547 0.16863905325443787 0.04349338900487126 0.05255830142707971
1 0.28792623521224775 0.19091541942220674 0.05671537926235212 0.06230421162547859
1 0.33820459290187893 0.22815871910894536 0.06402226861517049 0.04629307344239471
0 0.3616910229645094 0.18743473720849285 0.05601948503827418 0.058823529411764705
0 0.3858733472512178 0.14218586843021233 0.054279749478079335 0.04211625478593804
0 0.4551148225469729 0.14444831186912635 0.05775922059846903 0.03967977723633832
0 0.5464509394572025 0.1712495649147233 0.06576200417536535 0.06265227984684998
0 0.6470076548364648 0.22624434389140272 0.04836464857341684 0.05777932474765054
0 0.7312108559498957 0.248868778280543 0.054627696590118305 0.05917159763313609
1 0.050278357689631174 0.16394013226592413 0.038622129436325675 0.061260006961364424
0 0.08907446068197634 0.14758092586146884 0.04244954766875435 0.05847546119039332
0 0.19502435629784273 0.06265227984684998 0.05880306193458594 0.05708318830490776
0 0.28235908141962424 0.05186216498433693 0.05601948503827418 0.056387051862164986
0 0.3091510090466249 0.07918552036199095 0.0476687543493389 0.050469892098851374
0 0.37978427279053584 0.028367560041768186 0.06228253305497564 0.04559693699965193
0 0.5001739735560194 0.25408980160111383 0.060890744606819765 0.05290636964845109
0 0.5709812108559499 0.3297946397493909 0.05149617258176757 0.06091193873999304
0 0.6638830897703549 0.3378002088409328 0.05915100904662491 0.06578489383919248
1 0.7291231732776617 0.35920640445527324 0.05254001391788448 0.061260006961364424
0 0.8228949199721642 0.2962060563870519 0.061238691718858734 0.048033414549251655
0 0.8270702853166318 0.24817264183780022 0.06263048016701461 0.04942568743473721
0 0.9620737647877523 0.21075530804037593 0.06471816283924843 0.0866689871214758
0 0.9227557411273486 0.31500174034110684 0.08559498956158663 0.06682909850330665
0 0.8239387613082811 0.15471632439958233 0.04801670146137787 0.06578489383919248
0 0.7646137787056367 0.12495649147232858 0.06367432150313153 0.054994778976679426
0 0.8376826722338204 0.10024364775495997 0.05254001391788448 0.05986773407587887
0 0.7774878218510787 0.06265227984684998 0.05045233124565066 0.06265227984684998
0 0.8919624217118998 0.046815175774451795 0.05323590814196242 0.058127392969021925
0 0.6781489213639527 0.05221023320570832 0.055671537926235214 0.04942568743473721
0 0.6156924147529576 0.45092238078663416 0.037926235212247736 0.04559693699965193
0 0.6266527487821851 0.4895579533588583 0.04036186499652053 0.04002784545770971
0 0.6572720946416145 0.48294465715280194 0.037578288100208766 0.035851026801253044
0 0.6677105080027835 0.458405847546119 0.03966597077244259 0.032718412808910545
0 0.6459638135003479 0.4415245388096067 0.0372303409881698 0.03445875391576749
0 0.9373695198329853 0.548381482770623 0.1022964509394572 0.08458057779324747
0 0.8446416144745998 0.7213713887922033 0.05045233124565066 0.06926557605290637
0 0.9410229645093946 0.6568047337278107 0.05601948503827418 0.05986773407587887
1 0.8884829505915101 0.7215454229028889 0.05254001391788448 0.05986773407587887
0 0.947286012526096 0.7493908806126001 0.0441892832289492 0.061260006961364424
0 0.8491649269311065 0.8484162895927602 0.05880306193458594 0.06578489383919248
0 0.529053583855254 0.6768186564566655 0.059498956158663886 0.05673512008353637
0 0.5297494780793319 0.8430212321615037 0.04349338900487126 0.07796728158719109
0 0.6356993736951984 0.9140271493212669 0.06958942240779402 0.06613296206056388
0 0.7487821851078637 0.8872258962756701 0.054975643702157274 0.05290636964845109
