1 0.044900800556909155 0.10616080751827359 0.0403759136790811 0.041768186564566656
0 0.11138183083884441 0.06421858684302123 0.05986773407587887 0.05464671075530804
1 0.1733379742429516 0.038461538461538464 0.06056387051862165 0.050469892098851374
0 0.11416637660981552 0.13296206056387053 0.04316045945005221 0.04385659589279499
1 0.16620257570483815 0.14009745910198398 0.0435085276714236 0.04838148277062304
0 0.2453880960668291 0.07187608771319179 0.03759136790810999 0.050469892098851374
0 0.3847894187260703 0.04872955099199443 0.04838148277062304 0.04594500522102332
0 0.44900800556909154 0.13487643578141315 0.061260006961364424 0.05395057431256526
0 0.5283675600417682 0.14027149321266968 0.05290636964845109 0.05708318830490776
0 0.5777932474765054 0.05255830142707971 0.0870170553428472 0.08353637312913331
1 0.711277410372433 0.015315001740341106 0.06021580229725026 0.02923773059519666
0 0.8919248172641838 0.03324051514096763 0.03793943612948138 0.050469892098851374
0 0.8961016359206404 0.1211277410372433 0.04629307344239471 0.05151409676296554
1 0.8778280542986425 0.2206752523494605 0.04316045945005221 0.030630003480682212
0 0.9385659589279499 0.25321963104768536 0.044204664114166375 0.04142011834319527
0 0.8900104420466411 0.26261747302471283 0.03898364079359554 0.04281239122868082
0 0.7857640097459102 0.2486947441698573 0.023320570831883047 0.021232161503654718
0 0.772189349112426 0.19648451096414898 0.04142011834319527 0.04629307344239471
0 0.713539853811347 0.10755308040375913 0.042464323007309436 0.05221023320570832
0 0.6759484859032371 0.19822485207100593 0.046641141663766095 0.037243299686738604
0 0.7097111033762618 0.22328576400974592 0.05708318830490776 0.044900800556909155
1 0.5998955795335886 0.2142359902540898 0.05395057431256526 0.044900800556909155
0 0.5034806822137139 0.23407587887225897 0.044204664114166375 0.04072398190045249
0 0.4587539157674904 0.2885485555168813 0.05221023320570832 0.05081796032022276
0 0.3983640793595545 0.3043856595892795 0.05673512008353637 0.04281239122868082
0 0.37452140619561436 0.21266968325791855 0.04942568743473721 0.06265227984684998
0 0.3007309432648799 0.29707622694048036 0.05151409676296554 0.05395057431256526
0 0.28297946397493906 0.2053602506091194 0.042464323007309436 0.05429864253393665
0 0.14148973198746953 0.26836059867734074 0.051166028541594154 0.04872955099199443
0 0.08632091890010442 0.21197354681517577 0.03967977723633832 0.03967977723633832
1 0.08579881656804733 0.2982944657152802 0.03793943612948138 0.04942568743473721
0 0.19126348764357815 0.33954054994778976 0.05464671075530804 0.04002784545770971
0 0.23494604942568745 0.3948833971458406 0.041768186564566656 0.044900800556909155
0 0.17020536025060912 0.40306300034806825 0.03828750435085277 0.04316045945005221
0 0.1056387051862165 0.3955795335885834 0.04768534632788026 0.04142011834319527
0 0.05308040375913679 0.3637312913331013 0.05186216498433693 0.04872955099199443
1 0.04559693699965193 0.30908458057779326 0.041768186564566656 0.03550295857988166
0 0.030630003480682212 0.17821092934215108 0.03619909502262444 0.03967977723633832
0 0.045422902888966235 0.22868082144100244 0.04211625478593804 0.06613296206056388
0 0.01983988861816916 0.45805777932474767 0.03898364079359554 0.05221023320570832
0 0.05743125652627915 0.5026105116602854 0.04316045945005221 0.047337278106508875
0 0.04559693699965193 0.56265227984685 0.05151409676296554 0.051166028541594154
0 0.09223807866341803 0.5431604594500522 0.04524886877828054 0.04211625478593804
1 0.14061956143404108 0.5341106856943961 0.03898364079359554 0.04002784545770971
0 0.17211973546815176 0.5640445527323356 0.06300034806822137 0.05464671075530804
1 0.17577445179255133 0.44622345979812045 0.041768186564566656 0.03828750435085277
0 0.23390184476157327 0.46119039331709016 0.03967977723633832 0.05012182387747999
0 0.27514792899408286 0.501740341106857 0.04281239122868082 0.03237034458753916
1 0.27288548555516884 0.5450748346675949 0.05081796032022276 0.04594500522102332
0 0.3665158371040724 0.48973198746954405 0.05151409676296554 0.04942568743473721
0 0.3686042464323007 0.43943612948137833 0.04524886877828054 0.04768534632788026
0 0.42934215106160806 0.44587539157674905 0.05534284719805082 0.04872955099199443
0 0.32805429864253394 0.40567351200835366 0.036547163243995824 0.03793943612948138
0 0.34911242603550297 0.3790462930734424 0.04316045945005221 0.046641141663766095
0 0.08771319178558998 0.7615732683605987 0.04524886877828054 0.05081796032022276
0 0.05412460842325096 0.820570831883049 0.04629307344239471 0.03793943612948138
0 0.042290288896623736 0.8632091890010442 0.0435085276714236 0.041072050121823876
1 0.08527671423599026 0.864427427775844 0.041768186564566656 0.044204664114166375
0 0.11938739993038636 0.832057083188305 0.0403759136790811 0.03793943612948138
0 0.15732683605986775 0.7829794639749391 0.03828750435085277 0.04002784545770971
0 0.1832579185520362 0.7500870170553429 0.04211625478593804 0.05360250609119387
0 0.23790462930734424 0.7647058823529411 0.044900800556909155 0.034110685694396105
1 0.2391228680821441 0.8177862861120779 0.05151409676296554 0.03793943612948138
1 0.2267664462234598 0.8593804385659589 0.04907761921336582 0.03132613992342499
0 0.1681169509223808 0.884963452836756 0.04524886877828054 0.035851026801253044
0 0.29098503306648105 0.8190045248868778 0.041072050121823876 0.03689523146536721
0 0.31952662721893493 0.755134006265228 0.04455273233553777 0.05395057431256526
0 0.322311172989906 0.8534632788026453 0.04594500522102332 0.03550295857988166
0 0.30490776192133656 0.892969021928298 0.033414549251653325 0.049773755656108594
0 0.2692307692307692 0.9166376609815524 0.04559693699965193 0.04838148277062304
0 0.19439610163592064 0.9229028889662374 0.03863557257222416 0.04768534632788026
0 0.428820048729551 0.8327532196310476 0.054994778976679426 0.044204664114166375
1 0.3860076575008702 0.7467803689523147 0.046641141663766095 0.04281239122868082
0 0.4765053950574313 0.7164984336930038 0.04872955099199443 0.05464671075530804
1 0.35729202923773057 0.6747302471284372 0.0435085276714236 0.0435085276714236
1 0.29098503306648105 0.6876087713191785 0.042464323007309436 0.050469892098851374
0 0.2330316742081448 0.6707274625826662 0.05255830142707971 0.054994778976679426
0 0.15297598329272538 0.6655064392620954 0.058823529411764705 0.047337278106508875
0 0.2634876435781413 0.5924121127741038 0.033414549251653325 0.03828750435085277
0 0.31186912634876435 0.5955447267664462 0.047337278106508875 0.047337278106508875
0 0.4711103376261747 0.6228680821441003 0.05186216498433693 0.04698920988513749
1 0.5770971110337626 0.589453532892447 0.047337278106508875 0.04907761921336582
0 0.6242603550295858 0.5656108597285068 0.04072398190045249 0.041768186564566656
1 0.6836059867734076 0.5983292725374173 0.056387051862164986 0.04524886877828054
0 0.63783501566307 0.7137138879220327 0.0435085276714236 0.059519665854507485
0 0.5623042116254786 0.7337278106508875 0.06091193873999304 0.04872955099199443
1 0.58771319178559 0.29028889662373825 0.04768534632788026 0.041072050121823876
0 0.5029585798816568 0.38670379394361293 0.06752523494604942 0.07100591715976332
0 0.6145144448311869 0.428820048729551 0.036547163243995824 0.04524886877828054
0 0.6327880264531848 0.372432996867386 0.05012182387747999 0.04594500522102332
1 0.6834319526627219 0.46467107553080406 0.04559693699965193 0.047337278106508875
1 0.7829794639749391 0.48833971458405845 0.04698920988513749 0.05221023320570832
0 0.6202575704838148 0.5015663069961712 0.03759136790810999 0.04316045945005221
1 0.7486947441698573 0.5442046641141663 0.05221023320570832 0.03933170901496694
0 0.8499825965889314 0.4878176122520014 0.0403759136790811 0.044204664114166375
0 0.9126348764357815 0.5012182387747999 0.027149321266968326 0.041768186564566656
0 0.9420466411416638 0.5231465367211974 0.04072398190045249 0.03898364079359554
0 0.8327532196310476 0.5715280194918204 0.04072398190045249 0.04524886877828054
1 0.8016011138183083 0.6131221719457014 0.033414549251653325 0.04281239122868082
1 0.847372084928646 0.6648103028193526 0.0435085276714236 0.04942568743473721
0 0.9443090845805778 0.6493212669683258 0.03759136790810999 0.02888966237382527
1 0.9225548207448659 0.759658893143056 0.051166028541594154 0.049773755656108594
0 0.8574660633484162 0.7252001392272885 0.044900800556909155 0.04281239122868082
1 0.9068917507831535 0.8471980508179603 0.035851026801253044 0.04942568743473721
0 0.7815871910894535 0.8198746954403063 0.037243299686738604 0.04002784545770971
1 0.7492168465019143 0.7812391228680822 0.044204664114166375 0.04281239122868082
0 0.8123912286808215 0.9222067525234946 0.0403759136790811 0.050469892098851374
0 0.7702749738948834 0.8990602158022972 0.0403759136790811 0.047337278106508875
1 0.7654020187956839 0.9638009049773756 0.0403759136790811 0.03759136790810999
1 0.7272885485555168 0.9032370344587539 0.03515489035851027 0.041768186564566656
0 0.6722937695788375 0.9615384615384616 0.03515489035851027 0.03933170901496694
1 0.6745562130177515 0.9098503306648102 0.06682909850330665 0.05986773407587887
1 0.8983640793595544 0.930560389836408 0.04316045945005221 0.04838148277062304
0 0.9289940828402367 0.968673860076575 0.05360250609119387 0.05012182387747999
1 0.8444135050469892 0.9855551688130874 0.04872955099199443 0.02888966237382527
0 0.5495997215454229 0.5196658545074835 0.048033414549251655 0.048033414549251655
0 0.6945701357466063 0.2920292377305952 0.051166028541594154 0.04594500522102332
0 0.8090845805777932 0.30943264879916466 0.05743125652627915 0.033414549251653325
0 0.8184824225548207 0.33188304907761923 0.024016707274625827 0.023320570831883047
0 0.8372781065088757 0.353637312913331 0.04768534632788026 0.041768186564566656
0 0.9380438565958928 0.3203967977723634 0.04524886877828054 0.03306648103028194
1 0.9881656804733728 0.3936651583710407 0.023668639053254437 0.04594500522102332
1 0.9201183431952663 0.41385311521058127 0.04698920988513749 0.041768186564566656
1 0.6117298990602158 0.8851374869474417 0.0435085276714236 0.05081796032022276
0 0.6270449008005569 0.9622345979812044 0.024712843717368604 0.04281239122868082
0 0.5845805777932475 0.9470936303515489 0.04142011834319527 0.03967977723633832
0 0.5476853463278802 0.9510964148973199 0.03445875391576749 0.04629307344239471
1 0.5154890358510268 0.9801601113818308 0.04316045945005221 0.03619909502262444
0 0.477201531500174 0.9006265227984686 0.06334841628959276 0.03863557257222416
1 0.40271493212669685 0.9671075530804037 0.05290636964845109 0.03445875391576749
1 0.23720849286460147 0.9631047685346328 0.04142011834319527 0.04316045945005221
0 0.14845109641489732 0.9394361294813783 0.04211625478593804 0.046641141663766095
0 0.10929342151061608 0.9375217542638357 0.027149321266968326 0.04211625478593804
0 0.05395057431256526 0.9282979463974939 0.042464323007309436 0.042464323007309436
