1 0.5666550643926209 0.534794711203897 0.048033414549251655 0.049408489909533754
1 0.5661329620605638 0.6005567153792624 0.06160807518273582 0.06332637439109255
0 0.646362687086669 0.5311412665274878 0.05221023320570832 0.04488517745302714
0 0.5212321615036547 0.5335768963117606 0.04281239122868082 0.037926235212247736
1 0.48520710059171596 0.5156576200417536 0.041072050121823876 0.037578288100208766
0 0.5746606334841629 0.7294711203897007 0.06613296206056388 0.0720250521920668
1 0.642359902540898 0.7449547668754349 0.04698920988513749 0.05358385525400139
0 0.6759484859032371 0.7976687543493389 0.05151409676296554 0.054627696590118305
0 0.6185172293769579 0.8145441892832289 0.048033414549251655 0.049408489909533754
1 0.6604594500522102 0.866214335421016 0.04211625478593804 0.04349338900487126
1 0.7354681517577445 0.9446764091858038 0.055690915419422206 0.04732080723729993
0 0.8313609467455622 0.9302366040361865 0.058127392969021925 0.055323590814196244
0 0.8659937347720154 0.8909185803757829 0.02923773059519666 0.04210160055671538
0 0.9194222067525235 0.9260612386917189 0.026801253045596937 0.03931802366040362
1 0.9202923773059519 0.8491649269311065 0.054994778976679426 0.04836464857341684
1 0.9070657848938392 0.8855254001391788 0.05360250609119387 0.03688239387613083
0 0.7610511660285416 0.8646485734168406 0.05743125652627915 0.04384133611691023
0 0.7634876435781414 0.8155880306193458 0.06578489383919248 0.04523312456506611
0 0.8191785589975635 0.7924495476687543 0.051166028541594154 0.049060542797494784
1 0.8893143056038983 0.7670494084899095 0.047337278106508875 0.04836464857341684
1 0.9808562478245736 0.8552540013917884 0.03828750435085277 0.049408489909533754
0 0.9770274973894884 0.8215031315240083 0.03619909502262444 0.033402922755741124
1 0.9704142011834319 0.7484342379958246 0.05917159763313609 0.059846903270702856
0 0.6689871214758093 0.43458594293667363 0.0870170553428472 0.06680584551148225
0 0.7305951966585451 0.3862212943632568 0.05847546119039332 0.055671537926235214
1 0.8592064044552732 0.3761308281141266 0.05534284719805082 0.06263048016701461
0 0.8353637312913331 0.5026096033402923 0.07448659937347721 0.06715379262352122
0 0.751131221719457 0.5629784272790536 0.06056387051862165 0.055671537926235214
1 0.8438914027149321 0.5843771746694503 0.04698920988513749 0.05184411969380654
1 0.8331012878524191 0.6457898399443285 0.05255830142707971 0.04592901878914405
1 0.7895927601809954 0.6819763395963814 0.04629307344239471 0.05706332637439109
1 0.8318830490776192 0.6969380654140571 0.0403759136790811 0.033402922755741124
1 0.8947093630351549 0.673973556019485 0.06300034806822137 0.05845511482254697
0 0.7107553080403759 0.7174669450243563 0.07796728158719109 0.060542797494780795
1 0.5292377305951966 0.8956158663883089 0.05603898364079359 0.05706332637439109
0 0.49564914723285763 0.848295059151009 0.04942568743473721 0.049408489909533754
0 0.4329968673860077 0.8910925539318023 0.05290636964845109 0.055671537926235214
0 0.43056038983640793 0.8251565762004175 0.042464323007309436 0.05184411969380654
0 0.37730595196658545 0.7762700069589422 0.047337278106508875 0.05845511482254697
0 0.33118691263487643 0.7837508698677801 0.058823529411764705 0.06924147529575504
1 0.35502958579881655 0.8801322199025748 0.05986773407587887 0.04975643702157272
1 0.23198746954403063 0.7296450939457203 0.04211625478593804 0.061934585942936674
1 0.2735816219979116 0.7199025748086291 0.03898364079359554 0.054975643702157274
0 0.33693003828750434 0.6918928322894919 0.03967977723633832 0.04349338900487126
0 0.3816568047337278 0.7127696590118302 0.049773755656108594 0.05601948503827418
0 0.48207448659937346 0.7136395267919277 0.07448659937347721 0.0675017397355602
0 0.43508527671423597 0.598643006263048 0.06752523494604942 0.04488517745302714
0 0.4408284023668639 0.5193110647181628 0.044900800556909155 0.04975643702157272
0 0.4155934563174382 0.552366040361865 0.032718412808910545 0.04558107167710508
1 0.2774103724329969 0.49808629088378564 0.06474068917507832 0.06228253305497564
1 0.2507831534980856 0.3907446068197634 0.04907761921336582 0.05636743215031315
1 0.19700661329620606 0.3872651356993737 0.05360250609119387 0.05219206680584551
1 0.1802993386703794 0.47981906750173975 0.041072050121823876 0.05149617258176757
0 0.5395057431256526 0.43893528183716074 0.054994778976679426 0.04279749478079332
0 0.49321266968325794 0.46885873347251217 0.055690915419422206 0.03514265831593598
0 0.4286460146188653 0.4813848295059151 0.04768534632788026 0.0476687543493389
0 0.4597981204316046 0.41388308977035493 0.05708318830490776 0.060194850382741825
0 0.37539157674904283 0.3347251217814892 0.05603898364079359 0.037578288100208766
0 0.3106508875739645 0.38065414057063324 0.03863557257222416 0.04314544189283229
0 0.3254437869822485 0.4309324982602644 0.05986773407587887 0.055323590814196244
0 0.2885485555168813 0.27574808629088376 0.04594500522102332 0.055323590814196244
1 0.20066132962060565 0.24913013221990257 0.051166028541594154 0.05149617258176757
0 0.4813783501566307 0.9653792623521225 0.056387051862164986 0.058107167710508
0 0.388966237382527 0.9692066805845512 0.051166028541594154 0.04836464857341684
0 0.6620257570483815 0.919276270006959 0.05708318830490776 0.05636743215031315
1 0.9006265227984686 0.9798190675017397 0.026801253045596937 0.04036186499652053
0 0.9785938043856596 0.9410229645093946 0.03863557257222416 0.033054975643702154
0 0.9121127741037244 0.7237299930410578 0.03376261747302471 0.04314544189283229
1 0.9302123216150365 0.37734864300626303 0.0650887573964497 0.060890744606819765
1 0.9596240863209189 0.21137787056367432 0.05429864253393665 0.060890744606819765
0 0.8344935607379046 0.28096729297146833 0.05325443786982249 0.04836464857341684
1 0.7479986077271145 0.23295059151009045 0.055690915419422206 0.0511482254697286
0 0.7535676992690568 0.29436325678496866 0.04594500522102332 0.05149617258176757
0 0.7079707622694048 0.2837508698677801 0.05429864253393665 0.061586638830897704
0 0.6709014966933519 0.20546276965901183 0.06160807518273582 0.05880306193458594
0 0.6240863209189002 0.31558803061934587 0.05221023320570832 0.05358385525400139
1 0.5910198398886182 0.20163535142658315 0.04594500522102332 0.05254001391788448
1 0.5913679081099895 0.1299582463465553 0.061260006961364424 0.05741127348643006
0 0.3031674208144796 0.9544189283228949 0.04594500522102332 0.06958942240779402
0 0.23686042464323007 0.9399791231732777 0.04907761921336582 0.04558107167710508
0 0.21823877479986079 0.8493389004871259 0.07239819004524888 0.07306889352818371
0 0.15262791507135398 0.9173625608907446 0.0650887573964497 0.06715379262352122
0 0.14705882352941177 0.8458594293667363 0.04142011834319527 0.04384133611691023
0 0.14375217542638358 0.8089770354906054 0.054994778976679426 0.04523312456506611
0 0.16254785938043856 0.7533054975643703 0.07727114514444831 0.059846903270702856
0 0.14061956143404108 0.975991649269311 0.06613296206056388 0.04801670146137787
0 0.03376261747302471 0.9556367432150313 0.06474068917507832 0.05671537926235212
1 0.06247824573616429 0.691544885177453 0.0650887573964497 0.07411273486430063
0 0.17612252001392273 0.6315240083507306 0.054994778976679426 0.05010438413361169
0 0.276192133658197 0.6031663187195546 0.06160807518273582 0.05741127348643006
0 0.36494953010790115 0.6379610299234516 0.05464671075530804 0.049060542797494784
0 0.34110685694396103 0.5897703549060542 0.05429864253393665 0.03966597077244259
0 0.37695788374521405 0.5379262352122477 0.05012182387747999 0.060542797494780795
0 0.5186216498433693 0.2840988169798191 0.05847546119039332 0.05045233124565066
0 0.4255134006265228 0.2797494780793319 0.0685694396101636 0.05915100904662491
0 0.35346327880264533 0.2372999304105776 0.058127392969021925 0.04453723034098817
1 0.4841628959276018 0.20546276965901183 0.046641141663766095 0.05254001391788448
0 0.4491820396797772 0.15170494084899094 0.06439262095370693 0.05706332637439109
1 0.5320222763661677 0.07811412665274878 0.06160807518273582 0.06437021572720947
0 0.6613296206056387 0.031489213639526795 0.04942568743473721 0.06297842727905359
1 0.7855899756352245 0.05323590814196242 0.06682909850330665 0.0675017397355602
0 0.8372781065088757 0.1536186499652053 0.08179603202227637 0.0720250521920668
0 0.9422206752523494 0.15274878218510787 0.05221023320570832 0.04732080723729993
1 0.9853811347024016 0.11012526096033402 0.02923773059519666 0.054627696590118305
1 0.9323007309432649 0.07376478775226165 0.06160807518273582 0.05288796102992345
0 0.40184476157326837 0.03409881697981907 0.08527671423599026 0.06819763395963814
1 0.2205012182387748 0.07654836464857341 0.06787330316742081 0.06263048016701461
0 0.1425339366515837 0.06437021572720947 0.06996171249564914 0.08977035490605428
0 0.07030978071702054 0.12004175365344467 0.05429864253393665 0.04314544189283229
0 0.04403063000348068 0.04488517745302714 0.04907761921336582 0.055671537926235214
1 0.0403759136790811 0.21189979123173278 0.06822137138879221 0.05080027835768963
1 0.11573268360598678 0.22459986082115518 0.06160807518273582 0.055323590814196244
0 0.12008353637312913 0.2839248434237996 0.06961364427427776 0.061238691718858734
0 0.03985381134702402 0.3312456506610995 0.04281239122868082 0.04801670146137787
0 0.12373825269752872 0.4048364648573417 0.044900800556909155 0.054627696590118305
0 0.13243995823181343 0.45894224077940154 0.037243299686738604 0.038274182324286705
1 0.09328228332753219 0.4617258176757133 0.047337278106508875 0.06402226861517049
0 0.01966585450748347 0.44380654140570636 0.03933170901496694 0.0511482254697286
0 0.1677688827010094 0.558455114822547 0.05708318830490776 0.049408489909533754
1 0.08753915767490428 0.5494084899095337 0.04698920988513749 0.05219206680584551
0 0.0715280194918204 0.5276617954070981 0.04629307344239471 0.0407098121085595
0 0.2111033762617473 0.5965553235908142 0.049773755656108594 0.04349338900487126
0 0.5720501218238775 0.831767571329158 0.05534284719805082 0.05184411969380654
0 0.22189349112426035 0.19763395963813501 0.04559693699965193 0.03688239387613083
