0 0.03619909502262444 0.08109989557953359 0.04385659589279499 0.041768186564566656
1 0.07187608771319179 0.13087365123564218 0.04281239122868082 0.05012182387747999
0 0.0993734772015315 0.046641141663766095 0.03933170901496694 0.054994778976679426
0 0.11103376261747303 0.16550643926209538 0.05081796032022276 0.04768534632788026
1 0.1550643926209537 0.14323007309432648 0.04072398190045249 0.04838148277062304
1 0.1395753567699269 0.21005917159763313 0.05360250609119387 0.05534284719805082
0 0.22119735468151758 0.08284023668639054 0.04559693699965193 0.047337278106508875
1 0.2774103724329969 0.06300034806822137 0.056387051862164986 0.056387051862164986
1 0.2767142359902541 0.11677688827010094 0.04524886877828054 0.051166028541594154
0 0.2269404803341455 0.17908109989557952 0.08214410024364775 0.07274625826662026
0 0.2516533240515141 0.2615732683605987 0.03202227636616777 0.058823529411764705
0 0.0901496693351897 0.27253741733379744 0.03550295857988166 0.05012182387747999
0 0.15419422206752523 0.3120431604594501 0.06682909850330665 0.05255830142707971
1 0.02854159415245388 0.355899756352245 0.056387051862164986 0.06369648451096414
0 0.3574660633484163 0.10633484162895927 0.07796728158719109 0.0748346675948486
0 0.3120431604594501 0.1644622345979812 0.04838148277062304 0.03237034458753916
1 0.3477201531500174 0.205012182387748 0.06961364427427776 0.056387051862164986
0 0.45161851722937696 0.21510616080751827 0.0650887573964497 0.05917159763313609
0 0.35346327880264533 0.26714235990254087 0.06300034806822137 0.06369648451096414
1 0.45161851722937696 0.08214410024364775 0.058127392969021925 0.06613296206056388
0 0.5083536373129133 0.14671075530804037 0.04907761921336582 0.05673512008353637
0 0.5790114862513053 0.05429864253393665 0.05325443786982249 0.05708318830490776
0 0.5614340410720501 0.15958927949878177 0.046641141663766095 0.05464671075530804
0 0.6291333101287853 0.12286808214410025 0.06300034806822137 0.05081796032022276
1 0.6214758092586147 0.20675252349460493 0.04281239122868082 0.03967977723633832
1 0.667420814479638 0.05743125652627915 0.05603898364079359 0.05360250609119387
0 0.5429864253393665 0.22798468499825966 0.04316045945005221 0.05847546119039332
1 0.4838148277062304 0.3045596936999652 0.04942568743473721 0.05360250609119387
1 0.5603898364079359 0.3169161155586495 0.05151409676296554 0.037243299686738604
1 0.7064044552732336 0.17890706578489385 0.04907761921336582 0.05151409676296554
1 0.717542638357118 0.21963104768534633 0.03863557257222416 0.03550295857988166
1 0.7821092934215106 0.14671075530804037 0.04872955099199443 0.05603898364079359
0 0.7236338322311173 0.10407239819004525 0.05012182387747999 0.05081796032022276
0 0.7558301427079708 0.03637312913331013 0.06648103028193526 0.06996171249564914
1 0.8350156630699617 0.07605290636964845 0.05290636964845109 0.04698920988513749
1 0.9289940828402367 0.10668290985033066 0.061956143404107204 0.04768534632788026
1 0.9834667594848591 0.04907761921336582 0.03306648103028194 0.07379046293073442
0 0.9547511312217195 0.17316394013226594 0.04872955099199443 0.06996171249564914
0 0.9437869822485208 0.2681865645666551 0.02888966237382527 0.05464671075530804
0 0.7520013922728855 0.23686042464323007 0.05325443786982249 0.051166028541594154
1 0.8087365123564219 0.30299338670379394 0.04838148277062304 0.04211625478593804
0 0.7542638357117996 0.282457361642882 0.034110685694396105 0.04211625478593804
1 0.7062304211625479 0.30264531848242254 0.05012182387747999 0.04559693699965193
0 0.6580229725026105 0.2993386703793944 0.051166028541594154 0.04455273233553777
1 0.6615036547163244 0.33605986773407587 0.04907761921336582 0.03237034458753916
1 0.7486947441698573 0.38304907761921336 0.04316045945005221 0.049773755656108594
0 0.6534980856247825 0.3882701009397842 0.07622694048033414 0.05325443786982249
0 0.49234249912982947 0.39958231813435435 0.05325443786982249 0.05360250609119387
1 0.4035851026801253 0.3762617473024713 0.0650887573964497 0.046641141663766095
0 0.4472676644622346 0.4105464671075531 0.04872955099199443 0.03793943612948138
0 0.4542290288896624 0.4502262443438914 0.054994778976679426 0.044204664114166375
0 0.6802993386703794 0.45440306300034805 0.058127392969021925 0.06648103028193526
1 0.6157326836059868 0.49634528367560043 0.054994778976679426 0.04594500522102332
1 0.5469892098851374 0.5516881308736512 0.05743125652627915 0.042464323007309436
0 0.7854159415245389 0.44883397145840587 0.04281239122868082 0.0435085276714236
0 0.8146536721197355 0.4241211277410372 0.044204664114166375 0.04211625478593804
0 0.8505046989209886 0.45475113122171945 0.05255830142707971 0.049773755656108594
1 0.9042812391228681 0.35868430212321617 0.048033414549251655 0.05325443786982249
0 0.9423947093630352 0.5203619909502263 0.04838148277062304 0.06474068917507832
0 0.8426731639401323 0.5356769926905673 0.05012182387747999 0.05708318830490776
0 0.8893143056038983 0.5690915419422207 0.05708318830490776 0.05290636964845109
1 0.7753219631047685 0.6085972850678733 0.05186216498433693 0.03933170901496694
1 0.7166724678036895 0.6237382526975287 0.033414549251653325 0.03898364079359554
1 0.6762965541246084 0.6251305255830143 0.041768186564566656 0.041768186564566656
0 0.6675948485903237 0.5447267664462234 0.03898364079359554 0.046641141663766095
1 0.690219282979464 0.5765750087017055 0.05290636964845109 0.05186216498433693
0 0.5891054646710755 0.6528019491820397 0.04907761921336582 0.04211625478593804
0 0.5400278454577098 0.6254785938043856 0.04698920988513749 0.0403759136790811
1 0.6364427427775844 0.7034458753915768 0.04002784545770971 0.05151409676296554
0 0.7253741733379743 0.713539853811347 0.056387051862164986 0.061260006961364424
0 0.5807518273581622 0.7067525234946049 0.030978071702053602 0.04768534632788026
1 0.48746954403063003 0.6996171249564914 0.04698920988513749 0.04455273233553777
1 0.447615732683606 0.5341106856943961 0.046641141663766095 0.04907761921336582
1 0.4376957883745214 0.6004176818656457 0.04698920988513749 0.05012182387747999
1 0.42011834319526625 0.6667246780368953 0.03828750435085277 0.04838148277062304
0 0.477201531500174 0.5019143752175427 0.04524886877828054 0.04872955099199443
1 0.37121475809258614 0.548381482770623 0.06091193873999304 0.06021580229725026
0 0.3590323703445875 0.4326487991646363 0.03933170901496694 0.05360250609119387
0 0.31952662721893493 0.43856595892794986 0.04316045945005221 0.04316045945005221
1 0.3355377654020188 0.38009049773755654 0.05151409676296554 0.04872955099199443
0 0.21841280891054646 0.38078663418029934 0.07622694048033414 0.07727114514444831
0 0.22641837800208842 0.48207448659937346 0.059519665854507485 0.05081796032022276
0 0.18743473720849285 0.4432648799164636 0.06300034806822137 0.051166028541594154
0 0.1211277410372433 0.533066481030282 0.055690915419422206 0.06021580229725026
0 0.07048381482770623 0.46519317786286113 0.05743125652627915 0.051166028541594154
1 0.10807518273581622 0.5976331360946746 0.04907761921336582 0.04872955099199443
1 0.11921336581970066 0.7339018447615733 0.044900800556909155 0.051166028541594154
0 0.30247128437173687 0.6493212669683258 0.05429864253393665 0.050469892098851374
0 0.30560389836407936 0.7408632091890011 0.056387051862164986 0.05186216498433693
0 0.40167072746258264 0.7091890010442047 0.056387051862164986 0.05603898364079359
1 0.3506787330316742 0.7643578141315698 0.044204664114166375 0.048033414549251655
0 0.41541942220675254 0.7897667942916812 0.05325443786982249 0.0403759136790811
0 0.40184476157326837 0.8847894187260703 0.06021580229725026 0.047337278106508875
1 0.2111033762617473 0.8625130525583015 0.04698920988513749 0.041768186564566656
1 0.1773407587887226 0.820048729550992 0.0435085276714236 0.04524886877828054
1 0.1425339366515837 0.857640097459102 0.04698920988513749 0.03967977723633832
0 0.5041768186564567 0.8778280542986425 0.049773755656108594 0.04385659589279499
1 0.5475113122171946 0.8398886181691612 0.0403759136790811 0.05429864253393665
0 0.5884093282283328 0.8538113470240167 0.037243299686738604 0.06543682561782109
0 0.49251653324051514 0.7694048033414549 0.061260006961364424 0.058127392969021925
0 0.5421162547859381 0.7492168465019143 0.05534284719805082 0.05255830142707971
0 0.6348764357814132 0.8019491820396798 0.05708318830490776 0.06334841628959276
0 0.6348764357814132 0.8978419770274974 0.03898364079359554 0.05673512008353637
0 0.6616776888270101 0.863905325443787 0.022276366167768884 0.03898364079359554
1 0.6362687086668987 0.9585798816568047 0.042464323007309436 0.05917159763313609
0 0.5499477897667943 0.9768534632788026 0.04594500522102332 0.04629307344239471
1 0.46153846153846156 0.9556213017751479 0.05708318830490776 0.04698920988513749
1 0.2988165680473373 0.981204316045945 0.04072398190045249 0.03759136790810999
1 0.0433344935607379 0.9850330664810303 0.05534284719805082 0.029933867037939436
0 0.7871562826313957 0.7986425339366516 0.04838148277062304 0.06369648451096414
0 0.8865297598329273 0.809780717020536 0.07030978071702054 0.049773755656108594
1 0.916289592760181 0.8515489035851027 0.04559693699965193 0.03515489035851027
0 0.9643230073094327 0.8353637312913331 0.06021580229725026 0.06543682561782109
1 0.8980160111381831 0.7279846849982596 0.05151409676296554 0.03933170901496694
