1 0.6122520013922729 0.24434389140271492 0.046641141663766095 0.04316045945005221
1 0.6575008701705535 0.20066132962060565 0.06474068917507832 0.058127392969021925
0 0.7432996867386008 0.24921684650191436 0.04629307344239471 0.03898364079359554
0 0.691959624086321 0.24399582318134355 0.05777932474765054 0.0403759136790811
0 0.8073442394709363 0.18499825965889313 0.04907761921336582 0.04559693699965193
1 0.8910546467107553 0.17560041768186566 0.03967977723633832 0.04142011834319527
0 0.9512704490080056 0.2053602506091194 0.024364775495997214 0.025060911938739994
0 0.9376957883745214 0.192481726418378 0.032718412808910545 0.03480682213713888
0 0.9463974939088061 0.322311172989906 0.05081796032022276 0.05081796032022276
0 0.8800904977375565 0.2645318482422555 0.0650887573964497 0.055690915419422206
1 0.8188304907761922 0.367908109989558 0.07065784893839193 0.061260006961364424
1 0.9524886877828054 0.3940132265924121 0.05743125652627915 0.054994778976679426
1 0.8628611207796728 0.09467455621301775 0.04594500522102332 0.061260006961364424
0 0.9472676644622346 0.11677688827010094 0.04211625478593804 0.05603898364079359
0 0.7516533240515141 0.15123564218586844 0.036547163243995824 0.03306648103028194
1 0.7786286112077967 0.11903933170901497 0.05917159763313609 0.05429864253393665
1 0.727810650887574 0.06578489383919248 0.042464323007309436 0.04385659589279499
1 0.7876783849634529 0.02105812739296902 0.05777932474765054 0.04211625478593804
1 0.6665506439262096 0.050469892098851374 0.05221023320570832 0.046641141663766095
1 0.5676992690567351 0.07170205360250609 0.05151409676296554 0.05221023320570832
1 0.5066132962060564 0.12043160459450052 0.06717716672467804 0.06822137138879221
0 0.6327880264531848 0.13452836756004177 0.056387051862164986 0.058127392969021925
0 0.16620257570483815 0.4190741385311521 0.07622694048033414 0.06056387051862165
0 0.2020536025060912 0.5262791507135398 0.044204664114166375 0.054994778976679426
0 0.26366167768882703 0.5676992690567351 0.051166028541594154 0.0403759136790811
0 0.3069961712495649 0.47024016707274624 0.06334841628959276 0.06334841628959276
1 0.4002784545770971 0.5518621649843369 0.05917159763313609 0.04072398190045249
1 0.4256874347372085 0.5993734772015314 0.04872955099199443 0.04942568743473721
0 0.38722589627567006 0.5910198398886182 0.03793943612948138 0.04385659589279499
0 0.5050469892098851 0.5861468847894187 0.05012182387747999 0.04455273233553777
1 0.5490776192133658 0.6167768882701009 0.058127392969021925 0.054994778976679426
1 0.5748346675948486 0.5059171597633136 0.06648103028193526 0.0748346675948486
1 0.493734772015315 0.4383919248172642 0.058127392969021925 0.05464671075530804
1 0.5076575008701706 0.3005569091541942 0.059519665854507485 0.05464671075530804
0 0.5978071702053602 0.37138879220327187 0.04768534632788026 0.05081796032022276
0 0.6254785938043856 0.395231465367212 0.046641141663766095 0.05464671075530804
0 0.7292029237730595 0.34006265227984683 0.048033414549251655 0.05221023320570832
1 0.703271841280891 0.44239470936303515 0.06996171249564914 0.07100591715976332
1 0.8668639053254438 0.46432300730943266 0.06091193873999304 0.05290636964845109
0 0.9410024364775496 0.47981204316045944 0.05255830142707971 0.058127392969021925
0 0.8860076575008702 0.3851374869474417 0.06160807518273582 0.05464671075530804
0 0.8532892446919597 0.4131569787678385 0.03167420814479638 0.03898364079359554
1 0.7902888966237382 0.5031326139923425 0.05464671075530804 0.06648103028193526
1 0.8259658893143056 0.558649495301079 0.03967977723633832 0.03480682213713888
0 0.8146536721197355 0.5844065436825617 0.03933170901496694 0.03202227636616777
0 0.7608771319178559 0.6089453532892447 0.05081796032022276 0.04698920988513749
0 0.809780717020536 0.646362687086669 0.05534284719805082 0.04385659589279499
0 0.9195962408632092 0.6381830838844413 0.06543682561782109 0.08179603202227637
0 0.9296902192829795 0.5509919944309084 0.05847546119039332 0.05847546119039332
0 0.7088409328228332 0.5158371040723982 0.04559693699965193 0.056387051862164986
0 0.6185172293769579 0.6119039331709015 0.04524886877828054 0.04316045945005221
0 0.6472328576400974 0.581447963800905 0.04838148277062304 0.044204664114166375
1 0.303515489035851 0.3169161155586495 0.07518273581621998 0.07205012182387747
1 0.3659937347720153 0.2669683257918552 0.06439262095370693 0.06334841628959276
0 0.41159067177166725 0.38304907761921336 0.05673512008353637 0.07065784893839193
0 0.11242603550295859 0.2920292377305952 0.056387051862164986 0.04942568743473721
0 0.20449008005569091 0.3355377654020188 0.05534284719805082 0.04385659589279499
1 0.18517229376957883 0.142359902540898 0.06891750783153498 0.061260006961364424
0 0.1371388792203272 0.192481726418378 0.05429864253393665 0.05221023320570832
0 0.24956491472328576 0.23216150365471633 0.05221023320570832 0.04594500522102332
0 0.3247476505395057 0.19474416985729204 0.04455273233553777 0.04559693699965193
1 0.3886181691611556 0.14392620953706928 0.07831534980856247 0.05464671075530804
0 0.41733379742429516 0.09154194222067526 0.05290636964845109 0.041072050121823876
1 0.7297250261051166 0.8198746954403063 0.05673512008353637 0.05603898364079359
1 0.9839888618169161 0.8893143056038983 0.03202227636616777 0.041072050121823876
1 0.9493560737904629 0.807518273581622 0.05255830142707971 0.05151409676296554
0 0.872432996867386 0.8045596936999652 0.0804037591367908 0.06717716672467804
0 0.910546467107553 0.8518969718064741 0.04455273233553777 0.044204664114166375
1 0.8766098155238427 0.8905325443786982 0.04281239122868082 0.049773755656108594
0 0.5412460842325095 0.7431256526279151 0.04942568743473721 0.04594500522102332
0 0.6300034806822137 0.7446919596240863 0.05360250609119387 0.05255830142707971
1 0.20918900104420465 0.7737556561085973 0.07030978071702054 0.041072050121823876
1 0.20831883049077618 0.9159415245388096 0.06996171249564914 0.05603898364079359
0 0.30595196658545076 0.9251653324051514 0.05917159763313609 0.056387051862164986
1 0.388966237382527 0.7786286112077967 0.06021580229725026 0.061260006961364424
0 0.2850678733031674 0.7140619561434041 0.06752523494604942 0.0713539853811347
0 0.3651235642185868 0.6385311521058128 0.05290636964845109 0.04838148277062304
1 0.24051514096762966 0.6340062652279846 0.05917159763313609 0.04838148277062304
0 0.47024016707274624 0.6872607030978072 0.06265227984684998 0.058127392969021925
1 0.5482074486599373 0.8268360598677341 0.042464323007309436 0.0435085276714236
0 0.5628263139575357 0.7930734423947093 0.03759136790810999 0.04629307344239471
0 0.4980856247824574 0.7768882701009397 0.061260006961364424 0.04385659589279499
0 0.5866689871214759 0.8753915767490428 0.05743125652627915 0.054994778976679426
0 0.6900452488687783 0.8816568047337278 0.058823529411764705 0.05081796032022276
0 0.722067525234946 0.648625130525583 0.04629307344239471 0.04281239122868082
0 0.7151061608075183 0.7210233205708318 0.0713539853811347 0.06021580229725026
0 0.7083188304907762 0.7622694048033415 0.05777932474765054 0.03480682213713888
0 0.79951270449008 0.7297250261051166 0.04872955099199443 0.04907761921336582
0 0.847372084928646 0.7332057083188305 0.044900800556909155 0.05186216498433693
0 0.8040375913679081 0.8816568047337278 0.054994778976679426 0.05917159763313609
0 0.742603550295858 0.8983640793595544 0.02540898016011138 0.04872955099199443
0 0.7688827010093978 0.8903585102680125 0.042464323007309436 0.10650887573964497
1 0.42464323007309435 0.8604246432300731 0.0870170553428472 0.06752523494604942
0 0.13261399234249913 0.7391228680821441 0.05221023320570832 0.06230421162547859
1 0.06474068917507832 0.6743821789070658 0.07518273581621998 0.06787330316742081
1 0.04820744865993735 0.8247476505395057 0.06300034806822137 0.05395057431256526
0 0.11538461538461539 0.8750435085276714 0.04907761921336582 0.055690915419422206
0 0.059519665854507485 0.5755308040375914 0.048033414549251655 0.05255830142707971
0 0.050469892098851374 0.4206404455273234 0.05429864253393665 0.06230421162547859
1 0.054472676644622346 0.36494953010790115 0.049773755656108594 0.06021580229725026
0 0.05621301775147929 0.21371388792203272 0.07205012182387747 0.06682909850330665
1 0.0807518273581622 0.09989557953358859 0.05917159763313609 0.05360250609119387
0 0.23773059519665854 0.071179951270449 0.06056387051862165 0.05325443786982249
0 0.3174382178907066 0.03167420814479638 0.054994778976679426 0.06265227984684998
1 0.21858684302123216 0.021232161503654718 0.06682909850330665 0.042464323007309436
0 0.11990950226244344 0.04437869822485207 0.07065784893839193 0.05534284719805082
1 0.024886877828054297 0.026627218934911243 0.049773755656108594 0.05325443786982249
0 0.39888618169161155 0.22102332057083188 0.061260006961364424 0.055690915419422206
0 0.5222763661677688 0.198746954403063 0.06578489383919248 0.06613296206056388
0 0.6326139923424992 0.3005569091541942 0.07970762269404803 0.06996171249564914
0 0.5135746606334841 0.8752175426383572 0.051166028541594154 0.04281239122868082
0 0.5020884093282283 0.9389140271493213 0.051166028541594154 0.050469892098851374
0 0.4711103376261747 0.9068917507831535 0.049773755656108594 0.05395057431256526
1 0.8654716324399583 0.03184824225548207 0.058127392969021925 0.059519665854507485
0 0.9444831186912634 0.0217542638357118 0.050469892098851374 0.04002784545770971
