1 0.04698920988513749 0.07901148625130526 0.05429864253393665 0.05917159763313609
0 0.1148625130525583 0.1397493908806126 0.054994778976679426 0.050469892098851374
1 0.17298990602158024 0.06230421162547859 0.06334841628959276 0.061260006961364424
1 0.20118343195266272 0.022798468499825964 0.04455273233553777 0.04211625478593804
0 0.27497389488339713 0.02767142359902541 0.06056387051862165 0.05255830142707971
0 0.39575356769926906 0.03358858336233902 0.05777932474765054 0.0435085276714236
0 0.4028889662373825 0.10128785241907413 0.04838148277062304 0.041072050121823876
0 0.3640793595544727 0.12547859380438567 0.05360250609119387 0.04907761921336582
0 0.48172641837800206 0.09415245388096066 0.05081796032022276 0.050469892098851374
0 0.5060911938739993 0.03080403759136791 0.048033414549251655 0.05186216498433693
1 0.6256526279150714 0.029933867037939436 0.0713539853811347 0.05708318830490776
1 0.7274625826662026 0.04124608423250957 0.041768186564566656 0.04629307344239471
0 0.7673163940132266 0.08144796380090498 0.04072398190045249 0.042464323007309436
0 0.6783849634528367 0.11608075182735816 0.05012182387747999 0.037243299686738604
1 0.7455621301775148 0.12582666202575704 0.041072050121823876 0.04142011834319527
1 0.8297946397493908 0.10407239819004525 0.033414549251653325 0.03689523146536721
0 0.9119387399930386 0.10720501218238775 0.03828750435085277 0.042464323007309436
1 0.8619909502262444 0.1366167768882701 0.03445875391576749 0.035851026801253044
0 0.8856595892794987 0.16916115558649494 0.04629307344239471 0.03550295857988166
0 0.9463974939088061 0.15036547163243996 0.03828750435085277 0.03132613992342499
0 0.943612948137835 0.18169161155586494 0.033414549251653325 0.03619909502262444
1 0.9796380090497737 0.17803689523146538 0.03237034458753916 0.020536025060911938
0 0.9876435781413156 0.20031326139923425 0.01983988861816916 0.024016707274625827
0 0.9237730595196658 0.2166724678036895 0.03480682213713888 0.035851026801253044
0 0.968673860076575 0.2520013922728855 0.029933867037939436 0.046641141663766095
1 0.991472328576401 0.2490428123912287 0.015663069961712496 0.04281239122868082
0 0.9805081796032022 0.31796032022276366 0.03689523146536721 0.049773755656108594
0 0.8931430560389837 0.3593804385659589 0.04594500522102332 0.037243299686738604
0 0.9136790810998956 0.3847894187260703 0.04455273233553777 0.035851026801253044
1 0.9745910198398886 0.42325095718760875 0.046641141663766095 0.06056387051862165
0 0.7911590671771668 0.17264183780020884 0.0403759136790811 0.03967977723633832
0 0.7419074138531152 0.23198746954403063 0.050469892098851374 0.04142011834319527
0 0.8010790114862513 0.25861468847894187 0.036547163243995824 0.05081796032022276
1 0.8056038983640793 0.31796032022276366 0.0435085276714236 0.036547163243995824
0 0.644622345979812 0.20692655760529063 0.05777932474765054 0.050469892098851374
0 0.6131221719457014 0.11033762617473025 0.05186216498433693 0.030630003480682212
0 0.48520710059171596 0.2293769578837452 0.05012182387747999 0.05012182387747999
0 0.4806822137138879 0.31482770623042117 0.04594500522102332 0.06091193873999304
0 0.4545770971110338 0.34928646014618864 0.04316045945005221 0.06021580229725026
0 0.4021928297946398 0.3322311172989906 0.03793943612948138 0.049773755656108594
0 0.4021928297946398 0.24486599373477203 0.05743125652627915 0.0435085276714236
0 0.3759136790810999 0.278454577097111 0.03619909502262444 0.033414549251653325
0 0.36181691611555866 0.3421510616080752 0.030281935259310826 0.027149321266968326
0 0.32439958231813437 0.2455621301775148 0.05360250609119387 0.06091193873999304
0 0.2737556561085973 0.1641141663766098 0.058127392969021925 0.05325443786982249
0 0.22415593456317437 0.19752871562826313 0.05429864253393665 0.044900800556909155
0 0.2074486599373477 0.24034110685694396 0.03898364079359554 0.04698920988513749
1 0.19178558997563522 0.2880264531848242 0.046641141663766095 0.04698920988513749
0 0.12826313957535676 0.26749042812391227 0.049773755656108594 0.05186216498433693
1 0.129829446571528 0.19631047685346328 0.046641141663766095 0.041768186564566656
0 0.05360250609119387 0.21336581970066132 0.041768186564566656 0.05290636964845109
1 0.054994778976679426 0.2794987817612252 0.046641141663766095 0.054994778976679426
1 0.028715628263139576 0.3384963452836756 0.03167420814479638 0.037243299686738604
0 0.09867734075878873 0.32405151409676297 0.035851026801253044 0.05081796032022276
1 0.05325443786982249 0.4001044204664114 0.05221023320570832 0.05325443786982249
1 0.1615036547163244 0.378698224852071 0.033414549251653325 0.048033414549251655
1 0.20623042116254786 0.37434737208492863 0.03167420814479638 0.03933170901496694
0 0.13992342499129828 0.46049425687434736 0.048033414549251655 0.06404455273233554
0 0.19979115906717718 0.4408284023668639 0.05081796032022276 0.04142011834319527
1 0.018621649843369302 0.5156630699617125 0.03515489035851027 0.04907761921336582
0 0.034632788026453185 0.5810998955795336 0.05325443786982249 0.059519665854507485
0 0.1931778628611208 0.529063696484511 0.06752523494604942 0.056387051862164986
1 0.10929342151061608 0.6127741037243299 0.05081796032022276 0.04838148277062304
1 0.05429864253393665 0.6682909850330665 0.05151409676296554 0.055690915419422206
0 0.12130177514792899 0.6641141663766098 0.035851026801253044 0.047337278106508875
0 0.20327184128089104 0.6608075182735816 0.05986773407587887 0.050469892098851374
1 0.20066132962060565 0.7060563870518621 0.05325443786982249 0.04142011834319527
1 0.1769926905673512 0.7474765053950574 0.044900800556909155 0.0435085276714236
0 0.13069961712495648 0.7525234946049426 0.04142011834319527 0.04872955099199443
0 0.04942568743473721 0.7205012182387748 0.03619909502262444 0.03967977723633832
1 0.09241211277410373 0.8007309432648799 0.04629307344239471 0.03515489035851027
1 0.023146536721197354 0.8498085624782458 0.04559693699965193 0.04838148277062304
1 0.09258614688478942 0.8384963452836756 0.046641141663766095 0.041768186564566656
1 0.07239819004524888 0.9065436825617821 0.03619909502262444 0.04838148277062304
1 0.09589279498781761 0.9674556213017751 0.04142011834319527 0.051166028541594154
1 0.14166376609815523 0.901496693351897 0.05081796032022276 0.05360250609119387
1 0.2711451444483119 0.8959276018099548 0.04872955099199443 0.04316045945005221
1 0.27184128089105464 0.8482422554820744 0.03828750435085277 0.04594500522102332
1 0.3256178210929342 0.8501566306996171 0.04907761921336582 0.05255830142707971
0 0.34928646014618864 0.9046293073442395 0.044204664114166375 0.0403759136790811
1 0.46414897319874693 0.9329968673860076 0.044900800556909155 0.030281935259310826
1 0.5168813087365124 0.953880960668291 0.042464323007309436 0.04211625478593804
1 0.5851026801253045 0.9088061260006961 0.04594500522102332 0.04316045945005221
0 0.6966585450748347 0.9672815871910895 0.04629307344239471 0.056387051862164986
1 0.2737556561085973 0.7975983292725374 0.05743125652627915 0.050469892098851374
0 0.18186564566655064 0.8517229376957883 0.049773755656108594 0.05429864253393665
0 0.22189349112426035 0.8887922032718413 0.04698920988513749 0.050469892098851374
0 0.22902888966237384 0.9594500522102332 0.047337278106508875 0.051166028541594154
0 0.3820048729550992 0.8729550991994431 0.05464671075530804 0.04594500522102332
0 0.3539853811347024 0.81204316045945 0.034110685694396105 0.041072050121823876
0 0.4349112426035503 0.8085624782457361 0.03237034458753916 0.04942568743473721
1 0.4972154542290289 0.8522450400278455 0.04142011834319527 0.037243299686738604
1 0.4888618169161156 0.8959276018099548 0.04142011834319527 0.046641141663766095
1 0.4220327184128089 0.7521754263835712 0.04072398190045249 0.04316045945005221
1 0.3901844761573268 0.7203271841280892 0.0403759136790811 0.036547163243995824
1 0.34041072050121823 0.713539853811347 0.04385659589279499 0.03480682213713888
0 0.4784197702749739 0.6968325791855203 0.05255830142707971 0.03898364079359554
0 0.307518273581622 0.681691611555865 0.05395057431256526 0.03793943612948138
0 0.367908109989558 0.6385311521058128 0.042464323007309436 0.04629307344239471
1 0.41663766098155236 0.6313957535676993 0.04524886877828054 0.047337278106508875
0 0.29690219282979463 0.3510268012530456 0.05081796032022276 0.06091193873999304
1 0.3666898712147581 0.39279498781761224 0.04142011834319527 0.04838148277062304
1 0.31848242255482073 0.42481726418378 0.04385659589279499 0.035851026801253044
1 0.43978419770274974 0.4068917507831535 0.04768534632788026 0.042464323007309436
0 0.3146536721197355 0.4813783501566307 0.04524886877828054 0.048033414549251655
1 0.391228680821441 0.5297598329272537 0.041072050121823876 0.05360250609119387
1 0.45214061956143403 0.5419422206752523 0.04316045945005221 0.0403759136790811
0 0.403759136790811 0.4592760180995475 0.04455273233553777 0.05325443786982249
0 0.44813783501566307 0.4627567003132614 0.04698920988513749 0.04281239122868082
0 0.49512704490080056 0.4514444831186913 0.03515489035851027 0.03550295857988166
1 0.4653672119735468 0.5046989209885138 0.03828750435085277 0.034110685694396105
0 0.4899060215802297 0.5283675600417682 0.02610511660285416 0.04942568743473721
0 0.3943612948137835 0.9754611903933171 0.05986773407587887 0.0435085276714236
0 0.5630003480682214 0.7062304211625479 0.04768534632788026 0.04455273233553777
0 0.6035502958579881 0.6479289940828402 0.04942568743473721 0.04211625478593804
0 0.521058127392969 0.6000696136442742 0.05221023320570832 0.03898364079359554
1 0.5121823877479986 0.5623042116254786 0.03863557257222416 0.035851026801253044
0 0.5381134702401671 0.5408980160111382 0.03480682213713888 0.03967977723633832
0 0.5998955795335886 0.5670031326139924 0.03793943612948138 0.05290636964845109
1 0.5294117647058824 0.4998259658893143 0.0403759136790811 0.03759136790810999
1 0.6089453532892447 0.5071353985381135 0.036547163243995824 0.04524886877828054
0 0.5887573964497042 0.4631047685346328 0.03793943612948138 0.04838148277062304
0 0.5095718760877131 0.4128089105464671 0.047337278106508875 0.04524886877828054
0 0.5990254089801601 0.38931430560389835 0.046641141663766095 0.059519665854507485
1 0.31517577445179257 0.5821441002436477 0.04629307344239471 0.050469892098851374
0 0.7161503654716325 0.4841628959276018 0.06300034806822137 0.061956143404107204
0 0.8002088409328229 0.47093630351548904 0.046641141663766095 0.041768186564566656
0 0.6742081447963801 0.6073790462930735 0.05360250609119387 0.05917159763313609
0 0.6909154194222068 0.6615036547163244 0.046641141663766095 0.04002784545770971
0 0.6597633136094675 0.6930038287504351 0.03863557257222416 0.04385659589279499
0 0.6928297946397494 0.7104072398190046 0.036547163243995824 0.03898364079359554
0 0.7342499129829446 0.709014966933519 0.0435085276714236 0.03619909502262444
0 0.7991646362687087 0.615558649495301 0.05151409676296554 0.058823529411764705
0 0.6888270100939784 0.7673163940132266 0.041072050121823876 0.03863557257222416
0 0.7093630351548904 0.7986425339366516 0.046641141663766095 0.036547163243995824
0 0.7554820744865993 0.7387747998607727 0.04002784545770971 0.044900800556909155
0 0.8040375913679081 0.717542638357118 0.03619909502262444 0.04698920988513749
1 0.858162199791159 0.7124956491472328 0.04281239122868082 0.03689523146536721
1 0.8668639053254438 0.7577445179255134 0.04211625478593804 0.04385659589279499
0 0.8129133310128785 0.76192133658197 0.03167420814479638 0.041072050121823876
1 0.7899408284023669 0.798990602158023 0.03933170901496694 0.04072398190045249
0 0.7164984336930038 0.8372781065088757 0.03793943612948138 0.037243299686738604
0 0.755134006265228 0.842847198050818 0.04211625478593804 0.04281239122868082
1 0.7951618517229377 0.8431952662721893 0.036547163243995824 0.04281239122868082
0 0.8703445875391577 0.8089105464671076 0.05186216498433693 0.03480682213713888
0 0.755134006265228 0.8828750435085276 0.037243299686738604 0.036547163243995824
0 0.7692307692307693 0.9213365819700662 0.04455273233553777 0.03828750435085277
0 0.7502610511660286 0.9723285764009746 0.04211625478593804 0.03933170901496694
0 0.8646014618865298 0.9418726070309781 0.05777932474765054 0.05012182387747999
1 0.9792899408284024 0.8541594152453881 0.04002784545770971 0.03759136790810999
0 0.9403063000348069 0.7955099199443091 0.06996171249564914 0.058127392969021925
0 0.9324747650539505 0.6644622345979811 0.05429864253393665 0.06056387051862165
0 0.9819004524886877 0.5870170553428472 0.03480682213713888 0.05395057431256526
0 0.9241211277410373 0.5294117647058824 0.05221023320570832 0.05221023320570832
1 0.7339018447615733 0.6675948485903237 0.04072398190045249 0.04872955099199443
