0 0.054994778976679426 0.08318830490776193 0.04524886877828054 0.05917159763313609
0 0.15750087017055342 0.029759832927253742 0.04838148277062304 0.05673512008353637
0 0.1427079707622694 0.1517577445179255 0.03967977723633832 0.048033414549251655
0 0.27166724678036897 0.05151409676296554 0.04002784545770971 0.046641141663766095
0 0.25026105116602854 0.133832231117299 0.047337278106508875 0.0435085276714236
0 0.32805429864253394 0.05482074486599373 0.0435085276714236 0.0435085276714236
0 0.3254437869822485 0.10476853463278803 0.05221023320570832 0.055690915419422206
1 0.33188304907761923 0.013226592412112773 0.044900800556909155 0.023668639053254437
0 0.4878176122520014 0.07379046293073442 0.050469892098851374 0.03619909502262444
0 0.5003480682213713 0.11834319526627218 0.03793943612948138 0.04942568743473721
0 0.5285415941524538 0.03950574312565263 0.04629307344239471 0.04629307344239471
0 0.571179951270449 0.015140967629655413 0.05012182387747999 0.026801253045596937
1 0.6216498433693004 0.049251653324051514 0.032718412808910545 0.04698920988513749
0 0.713539853811347 0.13226592412112775 0.05777932474765054 0.05847546119039332
0 0.744343891402715 0.022102332057083188 0.04838148277062304 0.03445875391576749
0 0.7937695788374521 0.03950574312565263 0.04142011834319527 0.04281239122868082
1 0.8264879916463627 0.07587887225896275 0.04559693699965193 0.04316045945005221
1 0.7986425339366516 0.13226592412112775 0.04142011834319527 0.03828750435085277
1 0.8980160111381831 0.0777932474765054 0.04594500522102332 0.037243299686738604
0 0.8679081099895579 0.11434041072050122 0.04142011834319527 0.04142011834319527
0 0.8898364079359554 0.2018795683954055 0.035851026801253044 0.04524886877828054
0 0.9201183431952663 0.24434389140271492 0.04072398190045249 0.04455273233553777
1 0.7991646362687087 0.2513052558301427 0.05221023320570832 0.04316045945005221
1 0.8710407239819005 0.2854159415245388 0.0435085276714236 0.0403759136790811
0 0.7241559345631744 0.21005917159763313 0.03863557257222416 0.0435085276714236
1 0.679951270449008 0.21823877479986079 0.04629307344239471 0.04942568743473721
1 0.5821441002436477 0.22833275321963103 0.05186216498433693 0.05151409676296554
0 0.5 0.23163940132265923 0.044900800556909155 0.05603898364079359
0 0.6040723981900452 0.2984684998259659 0.044204664114166375 0.037243299686738604
0 0.6287852419074138 0.3651235642185868 0.050469892098851374 0.03480682213713888
0 0.7156282631395754 0.32335537765402017 0.047337278106508875 0.03480682213713888
1 0.7003132613992342 0.3633832231117299 0.046641141663766095 0.0403759136790811
1 0.8726070309780717 0.32683605986773406 0.023668639053254437 0.033414549251653325
0 0.9108945353289245 0.31761225200139226 0.029933867037939436 0.020536025060911938
0 0.7761921336581971 0.3736512356421859 0.03480682213713888 0.029585798816568046
1 0.8249216846501914 0.3658197006613296 0.04316045945005221 0.02923773059519666
1 0.8633832231117299 0.37469544030630003 0.04142011834319527 0.03515489035851027
1 0.8527671423599026 0.40114862513052557 0.029933867037939436 0.03306648103028194
1 0.9359554472676644 0.42046641141663765 0.03132613992342499 0.0403759136790811
1 0.9893839192481726 0.3647754959972154 0.021232161503654718 0.056387051862164986
0 0.934563174382179 0.4768534632788026 0.06613296206056388 0.04316045945005221
0 0.9260355029585798 0.5334145492516533 0.05603898364079359 0.04281239122868082
0 0.9617124956491472 0.5301079011486252 0.056387051862164986 0.02923773059519666
0 0.8750435085276714 0.5031326139923425 0.041072050121823876 0.04559693699965193
0 0.8367560041768186 0.541594152453881 0.03132613992342499 0.03967977723633832
0 0.8132613992342499 0.4559693699965193 0.044900800556909155 0.04385659589279499
0 0.7784545770971111 0.5106160807518274 0.03445875391576749 0.03480682213713888
1 0.7319874695440306 0.47737556561085975 0.046641141663766095 0.04211625478593804
0 0.7474765053950574 0.42238078663418027 0.04281239122868082 0.044900800556909155
1 0.6580229725026105 0.4537069265576053 0.04768534632788026 0.04629307344239471
0 0.5931082492168465 0.43247476505395055 0.04455273233553777 0.04072398190045249
0 0.560911938739993 0.46780368952314655 0.0435085276714236 0.03759136790810999
0 0.5029585798816568 0.3136094674556213 0.03480682213713888 0.026453184824225547
1 0.43943612948137833 0.3073442394709363 0.050469892098851374 0.033414549251653325
0 0.41820396797772363 0.33675600417681867 0.03376261747302471 0.029585798816568046
1 0.4441350504698921 0.36808214410024365 0.03550295857988166 0.02610511660285416
0 0.4549251653324051 0.39923424991298295 0.05917159763313609 0.05221023320570832
1 0.3755656108597285 0.35572572224155935 0.034110685694396105 0.04316045945005221
0 0.3216150365471632 0.3612948137835016 0.04942568743473721 0.03759136790810999
0 0.37034458753915767 0.3205708318830491 0.05986773407587887 0.03550295857988166
1 0.35955447267664464 0.27097111033762616 0.046641141663766095 0.04142011834319527
0 0.3106508875739645 0.30020884093282285 0.05603898364079359 0.050469892098851374
0 0.25670031326139925 0.342847198050818 0.036547163243995824 0.04524886877828054
0 0.26018099547511314 0.19195962408632092 0.05395057431256526 0.05325443786982249
0 0.16672467803689522 0.2391228680821441 0.047337278106508875 0.05151409676296554
0 0.19457013574660634 0.29324747650539507 0.033414549251653325 0.04211625478593804
1 0.1950922380786634 0.34371736860424645 0.04002784545770971 0.04142011834319527
0 0.14114166376609816 0.3143056038983641 0.030281935259310826 0.023668639053254437
1 0.14879916463626872 0.37138879220327187 0.03933170901496694 0.04455273233553777
0 0.0901496693351897 0.35224504002784546 0.04455273233553777 0.047337278106508875
1 0.04124608423250957 0.35276714235990253 0.04072398190045249 0.0435085276714236
1 0.08127392969021928 0.27131917855899756 0.04629307344239471 0.030281935259310826
0 0.022102332057083188 0.2645318482422555 0.03515489035851027 0.05012182387747999
0 0.07205012182387747 0.22415593456317437 0.03480682213713888 0.05012182387747999
0 0.13574660633484162 0.431082492168465 0.03898364079359554 0.035851026801253044
0 0.16689871214758092 0.46136442742777584 0.04698920988513749 0.06369648451096414
0 0.083710407239819 0.5093978419770275 0.03376261747302471 0.04768534632788026
1 0.06665506439262095 0.5320222763661677 0.03933170901496694 0.04211625478593804
0 0.0435085276714236 0.5838844413505047 0.042464323007309436 0.03515489035851027
0 0.09606682909850331 0.5901496693351898 0.04316045945005221 0.04838148277062304
0 0.023494604942568744 0.613296206056387 0.036547163243995824 0.030630003480682212
0 0.05673512008353637 0.6414897319874695 0.041768186564566656 0.046641141663766095
1 0.12687086668987121 0.6284371736860425 0.03793943612948138 0.051166028541594154
0 0.16272189349112426 0.6239122868082144 0.030281935259310826 0.044204664114166375
0 0.02923773059519666 0.7525234946049426 0.042464323007309436 0.04594500522102332
0 0.08562478245736165 0.709014966933519 0.046641141663766095 0.046641141663766095
0 0.11590671771667246 0.7521754263835712 0.03550295857988166 0.041768186564566656
1 0.13870518621649844 0.832057083188305 0.04142011834319527 0.0435085276714236
1 0.12617473024712844 0.8872258962756701 0.051166028541594154 0.03898364079359554
0 0.14688478941872607 0.9780717020536025 0.07866341802993387 0.04385659589279499
1 0.24086320918900103 0.9860772711451444 0.04524886877828054 0.027845457709711103
1 0.21980508179603203 0.9166376609815524 0.0435085276714236 0.03933170901496694
0 0.30281935259310827 0.9383919248172642 0.03828750435085277 0.04872955099199443
0 0.3668639053254438 0.9657152801949183 0.048033414549251655 0.051166028541594154
0 0.3788722589627567 0.9126348764357815 0.03933170901496694 0.04385659589279499
1 0.34719805081796035 0.8640793595544727 0.04629307344239471 0.04559693699965193
0 0.4557953358858336 0.8327532196310476 0.03515489035851027 0.03793943612948138
0 0.49199443090845807 0.8642533936651584 0.04838148277062304 0.03759136790810999
0 0.5509919944309084 0.960146188652976 0.04594500522102332 0.04629307344239471
0 0.5892794987817612 0.9112426035502958 0.05221023320570832 0.047337278106508875
0 0.5475113122171946 0.8572920292377306 0.041768186564566656 0.03689523146536721
0 0.55012182387748 0.8139575356769927 0.05673512008353637 0.04907761921336582
1 0.45127044900800556 0.7753219631047685 0.03933170901496694 0.04281239122868082
1 0.502262443438914 0.7215454229028889 0.041768186564566656 0.04872955099199443
0 0.4063696484510964 0.7257222415593456 0.0435085276714236 0.042464323007309436
1 0.3565958927949878 0.7189349112426036 0.04698920988513749 0.03237034458753916
0 0.3625130525583014 0.6764705882352942 0.03863557257222416 0.04002784545770971
0 0.40845805777932476 0.650887573964497 0.035851026801253044 0.03619909502262444
0 0.33605986773407587 0.6470588235294118 0.0435085276714236 0.01740341106856944
1 0.32683605986773406 0.6160807518273581 0.03759136790810999 0.04524886877828054
1 0.2876783849634528 0.677688827010094 0.03793943612948138 0.04316045945005221
0 0.2876783849634528 0.7627915071353986 0.058823529411764705 0.05255830142707971
0 0.1954403063000348 0.7238078663418029 0.0435085276714236 0.04698920988513749
1 0.21336581970066132 0.798990602158023 0.04524886877828054 0.0435085276714236
1 0.7735816219979116 0.9671075530804037 0.04559693699965193 0.04629307344239471
0 0.7655760529063697 0.9124608423250957 0.04559693699965193 0.03793943612948138
1 0.6858684302123216 0.9112426035502958 0.05186216498433693 0.048033414549251655
0 0.8555516881308737 0.936825617821093 0.04872955099199443 0.0435085276714236
0 0.8872258962756701 0.9054994778976679 0.046641141663766095 0.03237034458753916
1 0.8285764009745911 0.8682561782109294 0.04211625478593804 0.037243299686738604
0 0.9378698224852071 0.9533588583362339 0.05186216498433693 0.05917159763313609
0 0.9653672119735468 0.8139575356769927 0.03237034458753916 0.04768534632788026
0 0.9289940828402367 0.7777584406543683 0.042464323007309436 0.04281239122868082
1 0.8332753219631047 0.7629655412460842 0.04455273233553777 0.03550295857988166
1 0.7796728158719108 0.7586146884789419 0.05151409676296554 0.04768534632788026
0 0.7462582666202575 0.7890706578489384 0.033414549251653325 0.030630003480682212
0 0.6540201879568396 0.7873303167420814 0.03967977723633832 0.03898364079359554
1 0.7037939436129481 0.694222067525235 0.04942568743473721 0.049773755656108594
0 0.8301427079707623 0.6761225200139227 0.07309432648799165 0.06717716672467804
0 0.910546467107553 0.696484510964149 0.03689523146536721 0.03828750435085277
0 0.9688478941872607 0.6437521754263835 0.06021580229725026 0.05534284719805082
0 0.5238426731639402 0.6649843369300383 0.04594500522102332 0.04142011834319527
1 0.5941524538809607 0.6345283675600417 0.05708318830490776 0.03689523146536721
1 0.5106160807518274 0.5884093282283328 0.047337278106508875 0.04559693699965193
1 0.6493212669683258 0.5969369996519318 0.04281239122868082 0.03550295857988166
0 0.6997911590671771 0.5762269404803342 0.03237034458753916 0.036547163243995824
0 0.7321615036547163 0.5612600069613645 0.03376261747302471 0.044900800556909155
0 0.7794987817612252 0.600765750087017 0.04629307344239471 0.029933867037939436
0 0.7166724678036895 0.633310128785242 0.03480682213713888 0.024016707274625827
0 0.6843021232161504 0.6303515489035851 0.03619909502262444 0.026453184824225547
0 0.6620257570483815 0.6534980856247825 0.02575704838148277 0.026801253045596937
1 0.24469195962408632 0.420292377305952 0.047337278106508875 0.059519665854507485
0 0.3362339018447616 0.5388096066829099 0.05221023320570832 0.061956143404107204
0 0.4564914723285764 0.5403759136790811 0.059519665854507485 0.05395057431256526
0 0.45214061956143403 0.48659937347720156 0.03967977723633832 0.05012182387747999
0 0.845109641489732 0.5986773407587888 0.08492864601461887 0.05429864253393665
0 0.9486599373477201 0.5891054646710755 0.04072398190045249 0.02888966237382527
0 0.9726766446223459 0.1366167768882701 0.02540898016011138 0.051166028541594154
1 0.8886181691611555 0.45701357466063347 0.03828750435085277 0.029933867037939436
0 0.5964148973198747 0.5424643230073094 0.05186216498433693 0.04559693699965193
