1 0.28983994432846205 0.35798816568047337 0.05288796102992345 0.05603898364079359
1 0.2555671537926235 0.4101983988861817 0.05601948503827418 0.04838148277062304
1 0.25173973556019485 0.4803341454925165 0.060194850382741825 0.04594500522102332
1 0.4044885177453027 0.5464671075530804 0.05880306193458594 0.056387051862164986
1 0.4991301322199026 0.5431604594500522 0.04558107167710508 0.04838148277062304
1 0.5916840640222686 0.5222763661677688 0.05880306193458594 0.06578489383919248
1 0.5116562282533055 0.4899060215802297 0.05184411969380654 0.04907761921336582
0 0.5128740431454419 0.8487643578141316 0.04871259568545581 0.06021580229725026
0 0.7372999304105776 0.9314305603898364 0.05288796102992345 0.06404455273233554
1 0.8373347251217815 0.8983640793595544 0.05045233124565066 0.05081796032022276
1 0.8803061934585943 0.9660633484162896 0.05219206680584551 0.05395057431256526
1 0.9678148921363953 0.9761573268360598 0.061586638830897704 0.04768534632788026
1 0.7762700069589422 0.777932474765054 0.05288796102992345 0.048033414549251655
1 0.9177105080027835 0.8087365123564219 0.06367432150313153 0.05464671075530804
1 0.9319763395963814 0.7586146884789419 0.07063326374391092 0.05186216498433693
1 0.8639526791927628 0.7474765053950574 0.04105775922059847 0.04142011834319527
1 0.936151704940849 0.6726418378002088 0.04349338900487126 0.05395057431256526
0 0.6496172581767571 0.8828750435085276 0.054279749478079335 0.0650887573964497
0 0.6478775226165623 0.9376957883745214 0.05080027835768963 0.048033414549251655
0 0.5481906750173974 0.9622345979812044 0.05045233124565066 0.06160807518273582
0 0.46868475991649267 0.7713191785589976 0.06819763395963814 0.06543682561782109
0 0.47860125260960334 0.6515837104072398 0.07689631176061239 0.055690915419422206
1 0.5915100904662491 0.6823877479986077 0.054975643702157274 0.08318830490776193
0 0.3561238691718859 0.692481726418378 0.07967988865692414 0.06230421162547859
0 0.3738691718858734 0.7836756004176819 0.07480862908837857 0.050469892098851374
1 0.23434237995824633 0.8357117995127045 0.06576200417536535 0.05917159763313609
1 0.12247738343771747 0.9491820396797772 0.04732080723729993 0.04455273233553777
0 0.059498956158663886 0.8438914027149321 0.04732080723729993 0.04768534632788026
0 0.11082115518441196 0.8397145840584754 0.05880306193458594 0.04838148277062304
1 0.15762004175365343 0.8242255482074486 0.04662491301322199 0.05012182387747999
0 0.12804453723034098 0.8847894187260703 0.04523312456506611 0.03550295857988166
1 0.16196938065414057 0.9342151061608075 0.038622129436325675 0.029933867037939436
0 0.5781141266527487 0.755134006265228 0.05601948503827418 0.058127392969021925
0 0.6609255393180237 0.6802993386703794 0.05045233124565066 0.04002784545770971
0 0.7279053583855254 0.6867386007657501 0.04105775922059847 0.03619909502262444
1 0.8051496172581768 0.6668987121475809 0.05288796102992345 0.05012182387747999
1 0.6261308281141267 0.2603550295857988 0.0511482254697286 0.07518273581621998
1 0.5539318023660403 0.332579185520362 0.07237299930410578 0.05325443786982249
0 0.767571329157968 0.7279846849982596 0.04036186499652053 0.05534284719805082
0 0.7425191370911621 0.6371388792203272 0.061934585942936674 0.04838148277062304
0 0.7545233124565066 0.5925861468847894 0.06297842727905359 0.044900800556909155
0 0.9676409185803758 0.5708318830490776 0.04105775922059847 0.055690915419422206
0 0.9257132915796799 0.4110685694396102 0.0476687543493389 0.05777932474765054
0 0.8700417536534447 0.3757396449704142 0.05601948503827418 0.06091193873999304
0 0.7446068197633959 0.39001044204664115 0.04662491301322199 0.049773755656108594
0 0.8086290883785665 0.43282283327532195 0.06402226861517049 0.06091193873999304
0 0.9102296450939458 0.3230073094326488 0.04592901878914405 0.03967977723633832
0 0.8705636743215032 0.30142707970762267 0.06332637439109255 0.03967977723633832
0 0.9561586638830898 0.2953358858336234 0.055671537926235214 0.04559693699965193
0 0.9309324982602645 0.24765053950574312 0.03653444676409186 0.03306648103028194
0 0.9083159359777314 0.24625826662025757 0.026791927627000695 0.04211625478593804
0 0.8359429366736256 0.24295161851722938 0.04975643702157272 0.05290636964845109
1 0.5791579679888657 0.1395753567699269 0.06228253305497564 0.05012182387747999
0 0.692240779401531 0.03811347024016707 0.059498956158663886 0.06091193873999304
0 0.8065414057063326 0.06108597285067873 0.05636743215031315 0.06300034806822137
0 0.9359777313848295 0.12234597981204316 0.060542797494780795 0.06160807518273582
0 0.7077244258872651 0.16672467803689522 0.05775922059846903 0.06265227984684998
0 0.6282185107863605 0.20292377305951967 0.05741127348643006 0.05221023320570832
0 0.3916144745998608 0.15315001740341108 0.060194850382741825 0.07030978071702054
0 0.12317327766179541 0.06456665506439262 0.06263048016701461 0.0748346675948486
0 0.06784968684759916 0.06996171249564914 0.054279749478079335 0.06056387051862165
0 0.28879610299234515 0.05621301775147929 0.06402226861517049 0.07274625826662026
1 0.12473903966597077 0.1801253045596937 0.05741127348643006 0.06439262095370693
0 0.15100904662491302 0.24730247128437174 0.05775922059846903 0.05464671075530804
0 0.23538622129436326 0.28785241907413855 0.05671537926235212 0.05917159763313609
1 0.06767571329157968 0.35816219979115904 0.06367432150313153 0.05151409676296554
1 0.11569241475295755 0.40967629655412463 0.061586638830897704 0.05847546119039332
0 0.16753653444676408 0.5227984684998259 0.0838552540013918 0.08284023668639054
0 0.09307585247042449 0.6345283675600417 0.05671537926235212 0.0403759136790811
0 0.05132219902574808 0.5830142707970762 0.05880306193458594 0.06056387051862165
1 0.24930410577592205 0.6019839888618169 0.05741127348643006 0.04768534632788026
0 0.2929714683368128 0.5781413156978767 0.05358385525400139 0.05777932474765054
0 0.3359429366736256 0.554646710755308 0.04210160055671538 0.05743125652627915
0 0.06454418928322896 0.7272885485555168 0.0511482254697286 0.06230421162547859
0 0.20789839944328461 0.6990950226244343 0.060890744606819765 0.06160807518273582
0 0.27696590118302017 0.7707970762269405 0.054975643702157274 0.05673512008353637
0 0.6245650661099513 0.6026801253045597 0.04244954766875435 0.06717716672467804
0 0.5718510786360473 0.580925861468848 0.05045233124565066 0.055690915419422206
0 0.6644050104384134 0.5144448311869126 0.054627696590118305 0.041072050121823876
0 0.7352122477383438 0.5139227288548556 0.05915100904662491 0.04907761921336582
0 0.8237647877522617 0.6136442742777585 0.06784968684759916 0.05847546119039332
0 0.9156228253305497 0.5027845457709711 0.038622129436325675 0.049773755656108594
0 0.837160751565762 0.530804037591368 0.05219206680584551 0.06961364427427776
0 0.8691718858733473 0.49129829446571527 0.060542797494780795 0.07413853115210581
0 0.45668058455114824 0.38966237382526975 0.059498956158663886 0.06926557605290637
0 0.5775922059846903 0.41802993386703796 0.05010438413361169 0.06822137138879221
0 0.6233472512178149 0.36529759832927255 0.04210160055671538 0.06648103028193526
0 0.37334725121781487 0.42707970762269404 0.06402226861517049 0.06056387051862165
0 0.41718858733472514 0.29220327184128086 0.06819763395963814 0.06996171249564914
0 0.3244606819763396 0.25948485903237034 0.07550452331245651 0.06717716672467804
0 0.26339596381350033 0.1806474068917508 0.08281141266527488 0.06543682561782109
0 0.6099512874043146 0.0903237034458754 0.04314544189283229 0.049773755656108594
0 0.5727209464161448 0.09258614688478942 0.029227557411273485 0.033414549251653325
0 0.5339248434237995 0.09693699965193178 0.054627696590118305 0.050469892098851374
0 0.3759568545581072 0.9493560737904629 0.04488517745302714 0.03515489035851027
0 0.34916492693110646 0.9175078315349808 0.04001391788448156 0.05151409676296554
0 0.3943980514961726 0.9135050469892099 0.05601948503827418 0.07344239470936303
0 0.20946416144746 0.9470936303515489 0.03479471120389701 0.04316045945005221
1 0.19380654140570633 0.9133310128785241 0.05706332637439109 0.03759136790810999
0 0.20250521920668058 0.878698224852071 0.04314544189283229 0.049773755656108594
0 0.04384133611691023 0.9296902192829795 0.04105775922059847 0.0403759136790811
