1 0.01305255830142708 0.1146884789418726 0.02610511660285416 0.05395057431256526
0 0.05238426731639401 0.06404455273233554 0.03933170901496694 0.061260006961364424
0 0.11085972850678733 0.02262443438914027 0.06578489383919248 0.03828750435085277
0 0.11608075182735816 0.09189001044204664 0.049773755656108594 0.05708318830490776
0 0.20153150017403412 0.0748346675948486 0.05986773407587887 0.06265227984684998
1 0.2866341802993387 0.09502262443438914 0.0435085276714236 0.05847546119039332
0 0.2384267316394013 0.13853115210581274 0.03202227636616777 0.029933867037939436
0 0.33675600417681867 0.04524886877828054 0.051166028541594154 0.05151409676296554
0 0.45196658545074836 0.05429864253393665 0.04559693699965193 0.07100591715976332
1 0.5781413156978767 0.06369648451096414 0.05986773407587887 0.06056387051862165
0 0.5412460842325095 0.09832927253741733 0.03689523146536721 0.04142011834319527
1 0.5610859728506787 0.12408632091890011 0.03759136790810999 0.03933170901496694
0 0.5904977375565611 0.14688478941872607 0.030978071702053602 0.04385659589279499
0 0.6402714932126696 0.16063348416289594 0.03445875391576749 0.04629307344239471
0 0.6811695092238078 0.14148973198746953 0.04524886877828054 0.029585798816568046
1 0.6404455273233554 0.027497389488339713 0.04872955099199443 0.05151409676296554
0 0.6968325791855203 0.06578489383919248 0.05081796032022276 0.048033414549251655
1 0.7695788374521406 0.06178210929342151 0.03619909502262444 0.03863557257222416
0 0.7473024712843718 0.1279150713539854 0.07239819004524888 0.06996171249564914
1 0.8465019143752175 0.11364427427775844 0.05151409676296554 0.06021580229725026
0 0.8332753219631047 0.024364775495997214 0.04455273233553777 0.046641141663766095
0 0.6529759832927253 0.10111381830838845 0.06613296206056388 0.05534284719805082
0 0.908284023668639 0.017229376957883746 0.05186216498433693 0.03445875391576749
0 0.9775495997215454 0.10946745562130178 0.044900800556909155 0.04281239122868082
0 0.9625826662025757 0.14862513052558302 0.04907761921336582 0.041768186564566656
1 0.8978419770274974 0.18517229376957883 0.04211625478593804 0.04942568743473721
1 0.9907761921336582 0.2111033762617473 0.018447615732683605 0.04002784545770971
0 0.9180299338670379 0.257396449704142 0.05186216498433693 0.04768534632788026
1 0.8679081099895579 0.29098503306648105 0.05186216498433693 0.05081796032022276
0 0.7267664462234598 0.22137138879220328 0.06265227984684998 0.06404455273233554
1 0.6453184824225549 0.24486599373477203 0.046641141663766095 0.04907761921336582
0 0.6042464323007309 0.20327184128089104 0.07518273581621998 0.05151409676296554
0 0.5704838148277063 0.2885485555168813 0.04316045945005221 0.05221023320570832
1 0.5013922728854856 0.21771667246780368 0.05186216498433693 0.044900800556909155
0 0.47633136094674555 0.16254785938043856 0.0650887573964497 0.06265227984684998
0 0.3901844761573268 0.17159763313609466 0.05917159763313609 0.05777932474765054
0 0.3409328228332753 0.2365123564218587 0.05186216498433693 0.05255830142707971
0 0.2796728158719109 0.198746954403063 0.044900800556909155 0.03619909502262444
0 0.14427427775844065 0.16933518969718064 0.05255830142707971 0.05395057431256526
0 0.0342847198050818 0.18795683954054995 0.037243299686738604 0.047337278106508875
0 0.05725722241559346 0.30647406891750784 0.04559693699965193 0.05464671075530804
0 0.14775495997215454 0.27758440654368255 0.050469892098851374 0.06648103028193526
0 0.2389488339714584 0.2523494604942569 0.05325443786982249 0.06822137138879221
0 0.3774799860772711 0.3109989557953359 0.04072398190045249 0.05464671075530804
1 0.45892794987817614 0.34075878872258963 0.04211625478593804 0.046641141663766095
0 0.5913679081099895 0.3350156630699617 0.08632091890010442 0.06160807518273582
0 0.6940480334145492 0.29986077271145145 0.05777932474765054 0.03793943612948138
0 0.7647058823529411 0.30264531848242254 0.04872955099199443 0.05325443786982249
1 0.7359902540898016 0.3694744169857292 0.035851026801253044 0.044900800556909155
0 0.6818656456665506 0.39262095370692657 0.061260006961364424 0.05708318830490776
0 0.8050817960320222 0.3908806126000696 0.046641141663766095 0.061260006961364424
0 0.7332057083188305 0.41890010442046643 0.04629307344239471 0.0435085276714236
0 0.8792203271841281 0.4289940828402367 0.04316045945005221 0.0435085276714236
1 0.9596240863209189 0.36268708666898714 0.06265227984684998 0.06543682561782109
1 0.9211625478593805 0.4966933518969718 0.05534284719805082 0.05986773407587887
1 0.8188304907761922 0.45127044900800556 0.036547163243995824 0.04072398190045249
0 0.7521754263835712 0.4949530107901149 0.07448659937347721 0.07657500870170554
0 0.8156978767838496 0.5593456317438218 0.0435085276714236 0.05221023320570832
0 0.7843717368604246 0.6350504698920989 0.04559693699965193 0.050469892098851374
0 0.9531848242255482 0.6411416637660982 0.04838148277062304 0.05081796032022276
0 0.8961016359206404 0.5633484162895928 0.04698920988513749 0.03933170901496694
0 0.8926209537069265 0.6032022276366168 0.04142011834319527 0.03480682213713888
0 0.8567699269056736 0.5844065436825617 0.036547163243995824 0.06265227984684998
0 0.8766098155238427 0.7036199095022625 0.04211625478593804 0.05325443786982249
0 0.8214410024364776 0.7152801949182039 0.03132613992342499 0.04455273233553777
1 0.7669683257918553 0.7474765053950574 0.03793943612948138 0.03793943612948138
1 0.7051862164984337 0.7855899756352245 0.054994778976679426 0.041768186564566656
0 0.6383571179951271 0.7920292377305952 0.05151409676296554 0.0435085276714236
1 0.6200835363731292 0.6747302471284372 0.04142011834319527 0.05534284719805082
0 0.6808214410024365 0.6136442742777585 0.04594500522102332 0.05847546119039332
1 0.6026801253045597 0.5602158022972502 0.044900800556909155 0.04281239122868082
1 0.5710059171597633 0.4872955099199443 0.04838148277062304 0.04524886877828054
0 0.642359902540898 0.47337278106508873 0.044900800556909155 0.04872955099199443
0 0.4599721545422903 0.4168116950922381 0.04142011834319527 0.036547163243995824
0 0.48868778280542985 0.4606682909850331 0.05847546119039332 0.05325443786982249
1 0.4848590323703446 0.5311521058127393 0.03619909502262444 0.047337278106508875
1 0.44587539157674905 0.5323703445875392 0.0403759136790811 0.04838148277062304
0 0.41890010442046643 0.4904281239122868 0.04281239122868082 0.04385659589279499
0 0.37382526975287156 0.4777236338322311 0.04316045945005221 0.04768534632788026
1 0.33571179951270447 0.4307344239470936 0.04142011834319527 0.04281239122868082
0 0.2986425339366516 0.37225896275670034 0.048033414549251655 0.05186216498433693
0 0.27218934911242604 0.4761573268360599 0.048033414549251655 0.05221023320570832
0 0.3508527671423599 0.39592760180995473 0.03550295857988166 0.04281239122868082
0 0.38739993038635573 0.38739993038635573 0.05221023320570832 0.06056387051862165
0 0.4237730595196659 0.3637312913331013 0.0435085276714236 0.041768186564566656
0 0.12495649147232858 0.3901844761573268 0.05847546119039332 0.07448659937347721
0 0.0650887573964497 0.4157674904281239 0.04872955099199443 0.051166028541594154
0 0.04838148277062304 0.5180995475113123 0.034110685694396105 0.04002784545770971
0 0.0776192133658197 0.5431604594500522 0.0403759136790811 0.03863557257222416
1 0.16550643926209538 0.502262443438914 0.05186216498433693 0.05360250609119387
1 0.2114514444831187 0.5388096066829099 0.04629307344239471 0.0403759136790811
0 0.06700313261399234 0.5910198398886182 0.04281239122868082 0.041768186564566656
0 0.11225200139227288 0.6258266620257571 0.05255830142707971 0.06334841628959276
0 0.1956143404107205 0.6421858684302123 0.046641141663766095 0.04872955099199443
0 0.029585798816568046 0.6808214410024365 0.03619909502262444 0.05429864253393665
0 0.06961364427427776 0.7617473024712844 0.047337278106508875 0.04559693699965193
0 0.15280194918203968 0.7365123564218586 0.048033414549251655 0.06891750783153498
0 0.28646014618865295 0.679951270449008 0.03967977723633832 0.04838148277062304
1 0.2796728158719109 0.5908458057779324 0.05743125652627915 0.05673512008353637
1 0.3193525931082492 0.567177166724678 0.04629307344239471 0.044900800556909155
1 0.37034458753915767 0.5499477897667943 0.04594500522102332 0.041768186564566656
1 0.3790462930734424 0.5969369996519318 0.04455273233553777 0.03759136790810999
0 0.4192481726418378 0.596240863209189 0.037243299686738604 0.04455273233553777
0 0.4326487991646363 0.6329620605638705 0.03550295857988166 0.02610511660285416
1 0.42429516185172295 0.6870866689871215 0.03619909502262444 0.02575704838148277
0 0.3675600417681866 0.665158371040724 0.033414549251653325 0.033414549251653325
0 0.4035851026801253 0.6675948485903237 0.044900800556909155 0.05221023320570832
1 0.4622345979812043 0.6954403063000348 0.042464323007309436 0.054994778976679426
1 0.5323703445875392 0.7003132613992342 0.04072398190045249 0.04594500522102332
1 0.5548207448659938 0.6162547859380438 0.03689523146536721 0.044204664114166375
1 0.5934563174382179 0.6124260355029586 0.041072050121823876 0.05603898364079359
0 0.3438914027149321 0.6943961016359207 0.033414549251653325 0.042464323007309436
0 0.3691263487643578 0.7107553080403759 0.024712843717368604 0.034110685694396105
0 0.4241211277410372 0.722067525234946 0.03167420814479638 0.03376261747302471
0 0.3101287852419074 0.7307692307692307 0.04385659589279499 0.0435085276714236
1 0.49443090845805776 0.7586146884789419 0.036547163243995824 0.03306648103028194
1 0.40306300034806825 0.7763661677688827 0.034110685694396105 0.028193525931082493
0 0.5548207448659938 0.7687086668987122 0.03828750435085277 0.04002784545770971
0 0.5812739296902193 0.7431256526279151 0.03132613992342499 0.03898364079359554
0 0.53759136790811 0.8068221371388792 0.03445875391576749 0.03828750435085277
0 0.44778976679429167 0.8132613992342499 0.04698920988513749 0.049773755656108594
0 0.5073094326487991 0.8416289592760181 0.03933170901496694 0.04316045945005221
0 0.3828750435085277 0.834841628959276 0.041072050121823876 0.04281239122868082
0 0.4091541942220675 0.8988861816916116 0.03445875391576749 0.06021580229725026
0 0.27984684998259657 0.903759136790811 0.06056387051862165 0.05673512008353637
1 0.27479986077271146 0.7937695788374521 0.04072398190045249 0.04768534632788026
1 0.17594848590323703 0.8557257222415593 0.058127392969021925 0.06091193873999304
0 0.10163592064044552 0.8416289592760181 0.03967977723633832 0.05012182387747999
0 0.056909154194222066 0.8961016359206404 0.04281239122868082 0.04629307344239471
1 0.10093978419770275 0.9364775495997215 0.054994778976679426 0.049773755656108594
1 0.1858684302123216 0.9684998259658893 0.042464323007309436 0.04907761921336582
0 0.24451792551340062 0.9556213017751479 0.051166028541594154 0.04838148277062304
0 0.4034110685694396 0.9865993734772015 0.04385659589279499 0.026801253045596937
1 0.6258266620257571 0.8919248172641838 0.05847546119039332 0.05186216498433693
0 0.5703097807170205 0.9013226592412112 0.044900800556909155 0.049773755656108594
0 0.7325095718760877 0.8379742429516185 0.04768534632788026 0.0435085276714236
0 0.8155238426731639 0.8518969718064741 0.05360250609119387 0.04072398190045249
0 0.8219631047685346 0.7876783849634529 0.04768534632788026 0.04316045945005221
0 0.9251653324051514 0.7634876435781414 0.05081796032022276 0.04907761921336582
0 0.9143752175426384 0.880438565958928 0.07170205360250609 0.06717716672467804
1 0.7878524190741385 0.2144100243647755 0.05534284719805082 0.05429864253393665
